Chromosome	Length	Total Variants	VarPerKb	SNP	INDEL	Ts	Tv	Ts/Tv
SCAF_1	5574741	0	0.00	0	0	0	0	0
SCAF_10	1570817	0	0.00	0	0	0	0	0
SCAF_100	41993	3546	84.44	0	1773	110	152	0.72
SCAF_101	41585	6316	151.88	0	3158	334	269	1.24
SCAF_102	41267	72	1.74	0	36	0	3	0.00
SCAF_103	41164	4842	117.63	0	2421	202	214	0.94
SCAF_104	40984	8134	198.47	0	4067	236	505	0.47
SCAF_105	40971	2386	58.24	0	1193	107	91	1.18
SCAF_106	40689	5522	135.71	0	2761	314	276	1.14
SCAF_107	40038	2762	68.98	0	1381	146	99	1.47
SCAF_108	39998	3470	86.75	0	1735	132	122	1.08
SCAF_109	39904	4450	111.52	0	2225	158	198	0.80
SCAF_11	1437752	394734	274.55	0	197367	23914	18488	1.29
SCAF_110	39605	3374	85.19	0	1687	204	140	1.46
SCAF_111	39279	8750	222.77	0	4375	373	558	0.67
SCAF_112	39164	146	3.73	0	73	2	0	0
SCAF_113	39049	8868	227.10	0	4434	314	627	0.50
SCAF_114	38983	3688	94.61	0	1844	163	165	0.99
SCAF_115	38824	10260	264.27	0	5130	720	262	2.75
SCAF_116	37823	2652	70.12	0	1326	110	67	1.64
SCAF_117	37728	206	5.46	0	103	1	3	0.33
SCAF_118	37705	5466	144.97	0	2733	312	269	1.16
SCAF_119	37514	5114	136.32	0	2557	280	215	1.30
SCAF_12	978195	236902	242.18	0	118451	14144	10590	1.34
SCAF_120	37456	174	4.65	0	87	1	2	0.50
SCAF_121	37441	70	1.87	0	35	0	2	0.00
SCAF_122	37347	4080	109.25	0	2040	148	86	1.72
SCAF_123	37222	7484	201.06	0	3742	184	500	0.37
SCAF_124	36961	2652	71.75	0	1326	122	40	3.05
SCAF_125	36710	6926	188.67	0	3463	207	396	0.52
SCAF_126	36614	3582	97.83	0	1791	107	138	0.78
SCAF_127	36584	3978	108.74	0	1989	188	137	1.37
SCAF_128	36068	5524	153.16	0	2762	306	329	0.93
SCAF_129	35972	5058	140.61	0	2529	349	269	1.30
SCAF_13	598471	76784	128.30	0	38392	3175	1943	1.63
SCAF_130	35925	4970	138.34	0	2485	292	250	1.17
SCAF_131	35704	1694	47.45	0	847	34	44	0.77
SCAF_132	35264	3702	104.98	0	1851	186	169	1.10
SCAF_133	35121	80	2.28	0	40	0	1	0.00
SCAF_134	35117	3738	106.44	0	1869	186	146	1.27
SCAF_135	34903	6740	193.11	0	3370	173	425	0.41
SCAF_136	34900	114	3.27	0	57	0	2	0.00
SCAF_137	34765	6172	177.53	0	3086	192	388	0.49
SCAF_138	34687	5606	161.62	0	2803	115	150	0.77
SCAF_139	34615	4444	128.38	0	2222	263	207	1.27
SCAF_14	247525	1938	7.83	0	969	11	24	0.46
SCAF_140	34599	234	6.76	0	117	1	2	0.50
SCAF_141	34497	4500	130.45	0	2250	225	134	1.68
SCAF_142	34440	122	3.54	0	61	0	2	0.00
SCAF_143	34384	7606	221.21	0	3803	225	530	0.42
SCAF_144	34330	6406	186.60	0	3203	161	444	0.36
SCAF_145	34087	3566	104.61	0	1783	165	137	1.20
SCAF_146	33692	3702	109.88	0	1851	211	206	1.02
SCAF_147	33483	84	2.51	0	42	1	1	1.00
SCAF_148	33469	2454	73.32	0	1227	110	88	1.25
SCAF_149	33420	86	2.57	0	43	0	2	0.00
SCAF_15	224905	26106	116.08	0	13053	1501	1227	1.22
SCAF_150	33347	2518	75.51	0	1259	67	83	0.81
SCAF_151	33283	4850	145.72	0	2425	125	106	1.18
SCAF_152	33266	6120	183.97	0	3060	124	394	0.31
SCAF_153	33237	3494	105.12	0	1747	112	164	0.68
SCAF_154	33139	3044	91.86	0	1522	83	102	0.81
SCAF_155	33127	66	1.99	0	33	0	0	0
SCAF_156	32748	4948	151.09	0	2474	118	144	0.82
SCAF_157	32666	5474	167.57	0	2737	184	192	0.96
SCAF_158	32618	4274	131.03	0	2137	118	180	0.66
SCAF_159	32358	1808	55.87	0	904	21	36	0.58
SCAF_16	181804	15434	84.89	0	7717	293	440	0.67
SCAF_160	32136	5594	174.07	0	2797	169	351	0.48
SCAF_161	32035	7758	242.17	0	3879	292	590	0.49
SCAF_162	31954	2230	69.79	0	1115	98	61	1.61
SCAF_163	31782	5852	184.13	0	2926	206	429	0.48
SCAF_164	31669	5810	183.46	0	2905	160	376	0.43
SCAF_165	31629	4604	145.56	0	2302	320	255	1.25
SCAF_166	31581	2784	88.15	0	1392	87	102	0.85
SCAF_167	31556	3692	117.00	0	1846	126	177	0.71
SCAF_168	31421	7754	246.78	0	3877	316	567	0.56
SCAF_169	31314	7546	240.98	0	3773	177	543	0.33
SCAF_17	176395	22534	127.75	0	11267	1237	930	1.33
SCAF_170	31127	3702	118.93	0	1851	146	150	0.97
SCAF_171	31061	180	5.80	0	90	1	2	0.50
SCAF_172	31059	1692	54.48	0	846	37	25	1.48
SCAF_173	30866	3184	103.16	0	1592	99	143	0.69
SCAF_174	30739	70	2.28	0	35	1	2	0.50
SCAF_175	30330	2364	77.94	0	1182	113	71	1.59
SCAF_176	30301	2196	72.47	0	1098	76	70	1.09
SCAF_177	30226	2444	80.86	0	1222	139	101	1.38
SCAF_178	30187	1756	58.17	0	878	75	62	1.21
SCAF_179	30183	6408	212.30	0	3204	245	472	0.52
SCAF_18	160122	15132	94.50	0	7566	830	648	1.28
SCAF_180	30131	3732	123.86	0	1866	173	137	1.26
SCAF_181	30071	2736	90.98	0	1368	160	123	1.30
SCAF_182	30032	4784	159.30	0	2392	236	227	1.04
SCAF_183	30005	612	20.40	0	306	23	20	1.15
SCAF_184	29541	3676	124.44	0	1838	140	72	1.94
SCAF_185	29415	2326	79.08	0	1163	107	74	1.45
SCAF_186	29375	5282	179.81	0	2641	210	359	0.58
SCAF_187	29360	2396	81.61	0	1198	89	77	1.16
SCAF_188	29327	3646	124.32	0	1823	244	222	1.10
SCAF_189	29236	2526	86.40	0	1263	104	96	1.08
SCAF_19	139354	5098	36.58	0	2549	259	150	1.73
SCAF_190	29216	5444	186.34	0	2722	166	155	1.07
SCAF_191	29200	2940	100.68	0	1470	73	87	0.84
SCAF_192	29083	342	11.76	0	171	8	3	2.67
SCAF_193	29081	3032	104.26	0	1516	109	114	0.96
SCAF_194	28863	904	31.32	0	452	17	15	1.13
SCAF_195	28688	3456	120.47	0	1728	101	131	0.77
SCAF_196	28688	5656	197.16	0	2828	194	375	0.52
SCAF_197	28670	3384	118.03	0	1692	178	162	1.10
SCAF_198	28585	3332	116.56	0	1666	162	163	0.99
SCAF_199	28585	2840	99.35	0	1420	113	77	1.47
SCAF_2	4079479	0	0.00	0	0	0	0	0
SCAF_20	131876	17800	134.98	0	8900	1095	840	1.30
SCAF_200	28563	7610	266.43	0	3805	293	562	0.52
SCAF_201	28551	2714	95.06	0	1357	78	102	0.76
SCAF_202	28219	6112	216.59	0	3056	234	429	0.55
SCAF_203	28217	2178	77.19	0	1089	95	77	1.23
SCAF_204	28187	3536	125.45	0	1768	77	68	1.13
SCAF_205	28138	4610	163.84	0	2305	114	313	0.36
SCAF_206	28111	3660	130.20	0	1830	95	171	0.56
SCAF_207	27959	3962	141.71	0	1981	210	195	1.08
SCAF_208	27935	100	3.58	0	50	0	1	0.00
SCAF_209	27830	5270	189.36	0	2635	166	324	0.51
SCAF_21	130124	14242	109.45	0	7121	829	703	1.18
SCAF_210	27781	5330	191.86	0	2665	135	342	0.39
SCAF_211	27774	3366	121.19	0	1683	248	196	1.27
SCAF_212	27772	1692	60.92	0	846	86	101	0.85
SCAF_213	27728	2586	93.26	0	1293	127	110	1.15
SCAF_214	27690	7040	254.24	0	3520	235	473	0.50
SCAF_215	27659	36	1.30	0	18	0	0	0
SCAF_216	27637	2696	97.55	0	1348	131	98	1.34
SCAF_217	27634	2954	106.90	0	1477	121	126	0.96
SCAF_218	27594	3640	131.91	0	1820	202	182	1.11
SCAF_219	27563	2114	76.70	0	1057	42	47	0.89
SCAF_22	121580	16652	136.96	0	8326	1008	766	1.32
SCAF_220	27545	3954	143.55	0	1977	248	211	1.18
SCAF_221	27530	5046	183.29	0	2523	185	317	0.58
SCAF_222	27515	1794	65.20	0	897	45	59	0.76
SCAF_223	27476	3556	129.42	0	1778	105	208	0.50
SCAF_224	27450	3394	123.64	0	1697	81	148	0.55
SCAF_225	27344	2428	88.79	0	1214	61	82	0.74
SCAF_226	27270	2764	101.36	0	1382	147	117	1.26
SCAF_227	27232	3038	111.56	0	1519	99	142	0.70
SCAF_228	27189	3100	114.02	0	1550	82	66	1.24
SCAF_229	27037	2238	82.78	0	1119	81	75	1.08
SCAF_23	117381	16078	136.97	0	8039	891	686	1.30
SCAF_230	26948	1852	68.72	0	926	97	80	1.21
SCAF_231	26899	4198	156.07	0	2099	138	279	0.49
SCAF_232	26856	4626	172.25	0	2313	136	257	0.53
SCAF_233	26767	2158	80.62	0	1079	73	84	0.87
SCAF_234	26700	0	0.00	0	0	0	0	0
SCAF_235	26660	210	7.88	0	105	5	1	5.00
SCAF_236	26499	7916	298.73	0	3958	225	649	0.35
SCAF_237	26482	2314	87.38	0	1157	104	90	1.16
SCAF_238	26369	3320	125.91	0	1660	116	232	0.50
SCAF_239	26171	5258	200.91	0	2629	181	378	0.48
SCAF_24	115879	13066	112.76	0	6533	662	548	1.21
SCAF_240	26148	2736	104.64	0	1368	93	121	0.77
SCAF_241	26131	3368	128.89	0	1684	179	144	1.24
SCAF_242	26114	5280	202.19	0	2640	147	370	0.40
SCAF_243	26085	3138	120.30	0	1569	111	182	0.61
SCAF_244	26060	2436	93.48	0	1218	69	105	0.66
SCAF_245	25968	3222	124.08	0	1611	99	159	0.62
SCAF_246	25946	70	2.70	0	35	0	0	0
SCAF_247	25940	3670	141.48	0	1835	210	218	0.96
SCAF_248	25895	1690	65.26	0	845	37	64	0.58
SCAF_249	25885	6422	248.10	0	3211	261	465	0.56
SCAF_25	115495	20092	173.96	0	10046	914	960	0.95
SCAF_250	25884	2780	107.40	0	1390	140	120	1.17
SCAF_251	25874	2260	87.35	0	1130	61	65	0.94
SCAF_252	25864	1978	76.48	0	989	46	51	0.90
SCAF_253	25825	3728	144.36	0	1864	118	229	0.52
SCAF_254	25798	4650	180.25	0	2325	128	124	1.03
SCAF_255	25728	1910	74.24	0	955	53	59	0.90
SCAF_256	25725	3062	119.03	0	1531	87	129	0.67
SCAF_257	25720	2604	101.24	0	1302	124	112	1.11
SCAF_258	25700	4310	167.70	0	2155	124	126	0.98
SCAF_259	25645	2620	102.16	0	1310	95	122	0.78
SCAF_26	113072	14226	125.81	0	7113	827	593	1.39
SCAF_260	25595	3512	137.21	0	1756	159	133	1.20
SCAF_261	25593	5236	204.59	0	2618	201	401	0.50
SCAF_262	25592	4612	180.21	0	2306	155	296	0.52
SCAF_263	25481	2712	106.43	0	1356	127	103	1.23
SCAF_264	25444	4358	171.28	0	2179	287	241	1.19
SCAF_265	25436	3600	141.53	0	1800	90	195	0.46
SCAF_266	25377	2364	93.16	0	1182	133	79	1.68
SCAF_267	25340	3166	124.94	0	1583	215	170	1.26
SCAF_268	25329	3646	143.95	0	1823	128	184	0.70
SCAF_269	25264	2468	97.69	0	1234	72	120	0.60
SCAF_27	110609	27836	251.66	0	13918	2259	796	2.84
SCAF_270	25225	4336	171.89	0	2168	95	260	0.37
SCAF_271	25206	2610	103.55	0	1305	58	58	1.00
SCAF_272	25161	2398	95.31	0	1199	96	88	1.09
SCAF_273	25090	2530	100.84	0	1265	66	90	0.73
SCAF_274	24834	2902	116.86	0	1451	74	137	0.54
SCAF_275	24832	3970	159.87	0	1985	203	159	1.28
SCAF_276	24811	2678	107.94	0	1339	133	93	1.43
SCAF_277	24713	2108	85.30	0	1054	100	101	0.99
SCAF_278	24673	3542	143.56	0	1771	96	196	0.49
SCAF_279	24542	4744	193.30	0	2372	196	291	0.67
SCAF_28	109542	6962	63.56	0	3481	360	250	1.44
SCAF_280	24528	2394	97.60	0	1197	83	86	0.97
SCAF_281	24435	1286	52.63	0	643	45	23	1.96
SCAF_282	24359	1844	75.70	0	922	64	93	0.69
SCAF_283	24173	2772	114.67	0	1386	128	134	0.96
SCAF_284	24152	62	2.57	0	31	0	1	0.00
SCAF_285	24110	1346	55.83	0	673	32	37	0.86
SCAF_286	24066	1390	57.76	0	695	33	20	1.65
SCAF_287	23981	1022	42.62	0	511	24	24	1.00
SCAF_288	23980	3104	129.44	0	1552	115	168	0.68
SCAF_289	23950	2614	109.14	0	1307	104	109	0.95
SCAF_29	108319	29148	269.09	0	14574	1943	1196	1.62
SCAF_290	23945	2334	97.47	0	1167	96	115	0.83
SCAF_291	23886	2950	123.50	0	1475	103	138	0.75
SCAF_292	23860	1592	66.72	0	796	57	26	2.19
SCAF_293	23814	4374	183.67	0	2187	192	321	0.60
SCAF_294	23796	5520	231.97	0	2760	131	375	0.35
SCAF_295	23767	7150	300.84	0	3575	250	488	0.51
SCAF_296	23762	2960	124.57	0	1480	78	55	1.42
SCAF_297	23695	3654	154.21	0	1827	189	153	1.24
SCAF_298	23666	2646	111.81	0	1323	77	106	0.73
SCAF_299	23648	2284	96.58	0	1142	91	53	1.72
SCAF_3	3666439	0	0.00	0	0	0	0	0
SCAF_30	107902	14094	130.62	0	7047	574	245	2.34
SCAF_300	23643	52	2.20	0	26	0	0	0
SCAF_301	23638	1470	62.19	0	735	51	34	1.50
SCAF_302	23633	5754	243.47	0	2877	133	423	0.31
SCAF_303	23629	4992	211.27	0	2496	156	347	0.45
SCAF_304	23571	3530	149.76	0	1765	188	176	1.07
SCAF_305	23555	2186	92.80	0	1093	111	87	1.28
SCAF_306	23322	1350	57.89	0	675	58	58	1.00
SCAF_307	23295	4386	188.28	0	2193	120	311	0.39
SCAF_308	23075	4	0.17	0	2	0	0	0
SCAF_309	23057	3922	170.10	0	1961	134	291	0.46
SCAF_31	106626	9908	92.92	0	4954	467	200	2.33
SCAF_310	23011	5768	250.66	0	2884	198	427	0.46
SCAF_311	22999	1218	52.96	0	609	32	31	1.03
SCAF_312	22896	6198	270.70	0	3099	231	494	0.47
SCAF_313	22877	1432	62.60	0	716	55	46	1.20
SCAF_314	22871	52	2.27	0	26	0	2	0.00
SCAF_315	22844	1978	86.59	0	989	48	31	1.55
SCAF_316	22844	1812	79.32	0	906	54	101	0.53
SCAF_317	22833	3842	168.27	0	1921	175	265	0.66
SCAF_318	22713	2854	125.65	0	1427	70	59	1.19
SCAF_319	22685	1862	82.08	0	931	59	69	0.86
SCAF_32	102192	12966	126.88	0	6483	633	347	1.82
SCAF_320	22653	2028	89.52	0	1014	58	63	0.92
SCAF_321	22554	5276	233.93	0	2638	183	358	0.51
SCAF_322	22539	4226	187.50	0	2113	112	259	0.43
SCAF_323	22525	1548	68.72	0	774	71	36	1.97
SCAF_324	22489	3234	143.80	0	1617	229	159	1.44
SCAF_325	22468	2392	106.46	0	1196	107	90	1.19
SCAF_326	22392	22	0.98	0	11	0	0	0
SCAF_327	22337	1348	60.35	0	674	35	49	0.71
SCAF_328	22280	0	0.00	0	0	0	0	0
SCAF_329	22245	2524	113.46	0	1262	81	106	0.76
SCAF_33	98221	14516	147.79	0	7258	866	760	1.14
SCAF_330	22040	2296	104.17	0	1148	83	96	0.86
SCAF_331	22029	1260	57.20	0	630	21	28	0.75
SCAF_332	21923	3832	174.79	0	1916	129	220	0.59
SCAF_333	21867	1140	52.13	0	570	40	25	1.60
SCAF_334	21813	4296	196.95	0	2148	154	254	0.61
SCAF_335	21800	2698	123.76	0	1349	115	111	1.04
SCAF_336	21691	2106	97.09	0	1053	50	47	1.06
SCAF_337	21675	2540	117.19	0	1270	63	95	0.66
SCAF_338	21621	2484	114.89	0	1242	67	60	1.12
SCAF_339	21529	2240	104.05	0	1120	63	56	1.12
SCAF_34	97882	13870	141.70	0	6935	872	669	1.30
SCAF_340	21472	2430	113.17	0	1215	79	71	1.11
SCAF_341	21449	3776	176.05	0	1888	121	181	0.67
SCAF_342	21444	5776	269.35	0	2888	412	144	2.86
SCAF_343	21365	2684	125.63	0	1342	88	156	0.56
SCAF_344	21355	1566	73.33	0	783	98	59	1.66
SCAF_345	21334	4324	202.68	0	2162	161	302	0.53
SCAF_346	21294	8	0.38	0	4	0	2	0.00
SCAF_347	21288	1976	92.82	0	988	54	57	0.95
SCAF_348	21209	1192	56.20	0	596	76	55	1.38
SCAF_349	21199	1550	73.12	0	775	43	40	1.07
SCAF_35	95705	6684	69.84	0	3342	123	109	1.13
SCAF_350	21189	1788	84.38	0	894	27	23	1.17
SCAF_351	21106	2202	104.33	0	1101	152	120	1.27
SCAF_352	21098	1420	67.30	0	710	50	51	0.98
SCAF_353	21078	1364	64.71	0	682	54	53	1.02
SCAF_354	20991	1884	89.75	0	942	72	77	0.94
SCAF_355	20981	656	31.27	0	328	11	8	1.38
SCAF_356	20980	4504	214.68	0	2252	145	274	0.53
SCAF_357	20976	1638	78.09	0	819	37	68	0.54
SCAF_358	20871	1480	70.91	0	740	48	37	1.30
SCAF_359	20831	1930	92.65	0	965	53	66	0.80
SCAF_36	94431	9650	102.19	0	4825	588	420	1.40
SCAF_360	20777	1700	81.82	0	850	41	60	0.68
SCAF_361	20737	2634	127.02	0	1317	78	136	0.57
SCAF_362	20702	3454	166.84	0	1727	156	172	0.91
SCAF_363	20586	316	15.35	0	158	22	10	2.20
SCAF_364	20574	2438	118.50	0	1219	124	122	1.02
SCAF_365	20553	1040	50.60	0	520	33	30	1.10
SCAF_366	20522	1626	79.23	0	813	45	57	0.79
SCAF_367	20517	1512	73.69	0	756	57	47	1.21
SCAF_368	20452	1394	68.16	0	697	71	63	1.13
SCAF_369	20438	2410	117.92	0	1205	146	119	1.23
SCAF_37	92851	10490	112.98	0	5245	491	402	1.22
SCAF_370	20350	3284	161.38	0	1642	82	82	1.00
SCAF_371	20349	2476	121.68	0	1238	72	68	1.06
SCAF_372	20285	800	39.44	0	400	50	16	3.12
SCAF_373	20282	1488	73.37	0	744	47	22	2.14
SCAF_374	20282	52	2.56	0	26	0	1	0.00
SCAF_375	20179	2684	133.01	0	1342	95	105	0.90
SCAF_376	20174	5640	279.57	0	2820	194	393	0.49
SCAF_377	20160	4340	215.28	0	2170	143	292	0.49
SCAF_378	20157	32	1.59	0	16	0	0	0
SCAF_379	20150	2026	100.55	0	1013	102	97	1.05
SCAF_38	89142	9696	108.77	0	4848	582	453	1.28
SCAF_380	20140	1872	92.95	0	936	49	48	1.02
SCAF_381	20082	2772	138.03	0	1386	103	132	0.78
SCAF_382	20068	1910	95.18	0	955	50	65	0.77
SCAF_383	20052	2148	107.12	0	1074	78	88	0.89
SCAF_384	20039	2268	113.18	0	1134	114	114	1.00
SCAF_385	20036	2424	120.98	0	1212	105	86	1.22
SCAF_386	20004	4282	214.06	0	2141	146	320	0.46
SCAF_387	19967	2256	112.99	0	1128	63	107	0.59
SCAF_388	19953	3776	189.24	0	1888	189	137	1.38
SCAF_389	19874	1766	88.86	0	883	42	35	1.20
SCAF_39	88257	10504	119.02	0	5252	470	421	1.12
SCAF_390	19870	112	5.64	0	56	0	1	0.00
SCAF_391	19819	2836	143.10	0	1418	67	138	0.49
SCAF_392	19814	2160	109.01	0	1080	60	62	0.97
SCAF_393	19805	1472	74.32	0	736	82	64	1.28
SCAF_394	19796	4754	240.15	0	2377	134	346	0.39
SCAF_395	19788	98	4.95	0	49	0	1	0.00
SCAF_396	19769	2778	140.52	0	1389	64	116	0.55
SCAF_397	19737	1882	95.35	0	941	105	72	1.46
SCAF_398	19694	4118	209.10	0	2059	166	204	0.81
SCAF_399	19627	3970	202.27	0	1985	132	258	0.51
SCAF_4	2601389	0	0.00	0	0	0	0	0
SCAF_40	85354	12738	149.24	0	6369	726	606	1.20
SCAF_400	19559	3404	174.04	0	1702	137	202	0.68
SCAF_401	19529	3202	163.96	0	1601	126	180	0.70
SCAF_402	19485	1814	93.10	0	907	62	71	0.87
SCAF_403	19440	1838	94.55	0	919	77	75	1.03
SCAF_404	19429	1624	83.59	0	812	53	53	1.00
SCAF_405	19412	1446	74.49	0	723	49	57	0.86
SCAF_406	19412	2650	136.51	0	1325	100	127	0.79
SCAF_407	19392	2190	112.93	0	1095	75	96	0.78
SCAF_408	19383	1414	72.95	0	707	43	51	0.84
SCAF_409	19350	1976	102.12	0	988	66	76	0.87
SCAF_41	82239	8676	105.50	0	4338	599	393	1.52
SCAF_410	19334	3554	183.82	0	1777	130	207	0.63
SCAF_411	19319	590	30.54	0	295	9	6	1.50
SCAF_412	19298	3198	165.72	0	1599	237	155	1.53
SCAF_413	19281	2994	155.28	0	1497	162	129	1.26
SCAF_414	19250	1542	80.10	0	771	84	76	1.11
SCAF_415	19240	2616	135.97	0	1308	109	137	0.80
SCAF_416	19198	1672	87.09	0	836	86	50	1.72
SCAF_417	19156	1424	74.34	0	712	32	54	0.59
SCAF_418	19069	0	0.00	0	0	0	0	0
SCAF_419	19061	1462	76.70	0	731	61	42	1.45
SCAF_42	77162	8038	104.17	0	4019	522	362	1.44
SCAF_420	19040	1576	82.77	0	788	41	53	0.77
SCAF_421	19012	4802	252.58	0	2401	148	306	0.48
SCAF_422	18950	840	44.33	0	420	41	28	1.46
SCAF_423	18945	4594	242.49	0	2297	158	357	0.44
SCAF_424	18943	1248	65.88	0	624	39	31	1.26
SCAF_425	18932	2548	134.59	0	1274	85	149	0.57
SCAF_426	18882	1884	99.78	0	942	64	91	0.70
SCAF_427	18874	2354	124.72	0	1177	112	107	1.05
SCAF_428	18866	2020	107.07	0	1010	104	81	1.28
SCAF_429	18866	1678	88.94	0	839	97	88	1.10
SCAF_43	76714	10388	135.41	0	5194	638	479	1.33
SCAF_430	18815	2992	159.02	0	1496	68	141	0.48
SCAF_431	18805	2016	107.21	0	1008	120	110	1.09
SCAF_432	18790	2790	148.48	0	1395	151	141	1.07
SCAF_433	18773	1764	93.96	0	882	57	57	1.00
SCAF_434	18766	1466	78.12	0	733	68	50	1.36
SCAF_435	18753	1376	73.37	0	688	69	56	1.23
SCAF_436	18746	730	38.94	0	365	73	38	1.92
SCAF_437	18721	4026	215.05	0	2013	101	328	0.31
SCAF_438	18669	2000	107.13	0	1000	60	63	0.95
SCAF_439	18588	1162	62.51	0	581	52	23	2.26
SCAF_44	76272	7402	97.05	0	3701	296	171	1.73
SCAF_440	18561	2984	160.77	0	1492	102	95	1.07
SCAF_441	18530	2082	112.36	0	1041	114	74	1.54
SCAF_442	18489	1786	96.60	0	893	51	73	0.70
SCAF_443	18479	1900	102.82	0	950	48	76	0.63
SCAF_444	18424	1866	101.28	0	933	103	66	1.56
SCAF_445	18396	4280	232.66	0	2140	134	277	0.48
SCAF_446	18392	1280	69.60	0	640	75	52	1.44
SCAF_447	18255	2436	133.44	0	1218	74	115	0.64
SCAF_448	18252	1996	109.36	0	998	99	90	1.10
SCAF_449	18248	3532	193.56	0	1766	116	244	0.48
SCAF_45	73110	17110	234.03	0	8555	445	1255	0.35
SCAF_450	18208	1256	68.98	0	628	35	34	1.03
SCAF_451	18202	2260	124.16	0	1130	83	85	0.98
SCAF_452	18192	1930	106.09	0	965	51	65	0.78
SCAF_453	18150	1240	68.32	0	620	40	46	0.87
SCAF_454	18134	1342	74.00	0	671	32	59	0.54
SCAF_455	18114	1506	83.14	0	753	30	49	0.61
SCAF_456	18112	1460	80.61	0	730	46	44	1.05
SCAF_457	18054	3190	176.69	0	1595	191	153	1.25
SCAF_458	18006	4088	227.04	0	2044	159	297	0.54
SCAF_459	18000	1684	93.56	0	842	45	48	0.94
SCAF_46	72118	9914	137.47	0	4957	659	545	1.21
SCAF_460	17967	1766	98.29	0	883	74	56	1.32
SCAF_461	17943	2440	135.99	0	1220	81	88	0.92
SCAF_462	17929	1378	76.86	0	689	52	18	2.89
SCAF_463	17921	794	44.31	0	397	14	19	0.74
SCAF_464	17913	4692	261.93	0	2346	194	328	0.59
SCAF_465	17912	1988	110.99	0	994	75	119	0.63
SCAF_466	17886	1520	84.98	0	760	56	42	1.33
SCAF_467	17859	822	46.03	0	411	37	12	3.08
SCAF_468	17837	1074	60.21	0	537	43	41	1.05
SCAF_469	17802	1522	85.50	0	761	46	53	0.87
SCAF_47	70166	9696	138.19	0	4848	579	481	1.20
SCAF_470	17776	1024	57.61	0	512	40	53	0.75
SCAF_471	17682	1580	89.36	0	790	40	67	0.60
SCAF_472	17646	2242	127.05	0	1121	121	71	1.70
SCAF_473	17646	1508	85.46	0	754	76	54	1.41
SCAF_474	17642	154	8.73	0	77	0	2	0.00
SCAF_475	17613	294	16.69	0	147	5	5	1.00
SCAF_476	17602	1520	86.35	0	760	46	23	2.00
SCAF_477	17571	1304	74.21	0	652	29	31	0.94
SCAF_478	17535	3204	182.72	0	1602	111	179	0.62
SCAF_479	17528	922	52.60	0	461	15	11	1.36
SCAF_48	69627	9790	140.61	0	4895	558	505	1.10
SCAF_480	17503	3070	175.40	0	1535	108	210	0.51
SCAF_481	17502	2084	119.07	0	1042	72	110	0.65
SCAF_482	17480	1910	109.27	0	955	47	91	0.52
SCAF_483	17476	1846	105.63	0	923	66	91	0.73
SCAF_484	17457	1174	67.25	0	587	37	42	0.88
SCAF_485	17386	4484	257.91	0	2242	174	306	0.57
SCAF_486	17362	4180	240.76	0	2090	172	319	0.54
SCAF_487	17332	2004	115.62	0	1002	62	130	0.48
SCAF_488	17327	3888	224.39	0	1944	120	284	0.42
SCAF_489	17303	4232	244.58	0	2116	162	313	0.52
SCAF_49	69624	5234	75.18	0	2617	167	81	2.06
SCAF_490	17273	4134	239.33	0	2067	111	296	0.38
SCAF_491	17245	2924	169.56	0	1462	117	71	1.65
SCAF_492	17239	4168	241.78	0	2084	109	388	0.28
SCAF_493	17219	4520	262.50	0	2260	162	325	0.50
SCAF_494	17218	2340	135.90	0	1170	76	128	0.59
SCAF_495	17211	2072	120.39	0	1036	61	94	0.65
SCAF_496	17198	4056	235.84	0	2028	113	285	0.40
SCAF_497	17190	1280	74.46	0	640	25	38	0.66
SCAF_498	17162	1224	71.32	0	612	53	52	1.02
SCAF_499	17147	2432	141.83	0	1216	62	133	0.47
SCAF_5	2032088	0	0.00	0	0	0	0	0
SCAF_50	68258	9222	135.11	0	4611	551	442	1.25
SCAF_500	17144	1826	106.51	0	913	65	71	0.92
SCAF_501	17142	1546	90.19	0	773	34	73	0.47
SCAF_502	17124	2074	121.12	0	1037	117	108	1.08
SCAF_503	17118	28	1.64	0	14	1	0	0
SCAF_504	17076	1154	67.58	0	577	76	51	1.49
SCAF_505	17047	0	0.00	0	0	0	0	0
SCAF_506	17043	1546	90.71	0	773	77	27	2.85
SCAF_507	17035	2502	146.87	0	1251	118	117	1.01
SCAF_508	17021	1940	113.98	0	970	103	87	1.18
SCAF_509	16971	3312	195.16	0	1656	124	233	0.53
SCAF_51	66966	7736	115.52	0	3868	474	295	1.61
SCAF_510	16897	1972	116.71	0	986	97	74	1.31
SCAF_511	16849	3260	193.48	0	1630	125	170	0.74
SCAF_512	16807	2806	166.95	0	1403	130	145	0.90
SCAF_513	16787	1192	71.01	0	596	37	44	0.84
SCAF_514	16784	3546	211.27	0	1773	115	262	0.44
SCAF_515	16776	4632	276.11	0	2316	164	312	0.53
SCAF_516	16745	652	38.94	0	326	8	12	0.67
SCAF_517	16741	3124	186.61	0	1562	83	165	0.50
SCAF_518	16733	1946	116.30	0	973	87	76	1.14
SCAF_519	16710	2808	168.04	0	1404	96	163	0.59
SCAF_52	66855	5344	79.93	0	2672	267	237	1.13
SCAF_520	16702	190	11.38	0	95	0	3	0.00
SCAF_521	16701	2666	159.63	0	1333	94	183	0.51
SCAF_522	16645	1102	66.21	0	551	29	39	0.74
SCAF_523	16623	3002	180.59	0	1501	100	153	0.65
SCAF_524	16568	1192	71.95	0	596	23	25	0.92
SCAF_525	16548	1830	110.59	0	915	66	83	0.80
SCAF_526	16541	3196	193.22	0	1598	80	224	0.36
SCAF_527	16518	64	3.87	0	32	0	2	0.00
SCAF_528	16510	3374	204.36	0	1687	88	221	0.40
SCAF_529	16492	1734	105.14	0	867	104	72	1.44
SCAF_53	65552	4834	73.74	0	2417	224	173	1.29
SCAF_530	16462	810	49.20	0	405	19	29	0.66
SCAF_531	16461	868	52.73	0	434	17	12	1.42
SCAF_532	16447	1922	116.86	0	961	116	95	1.22
SCAF_533	16383	1852	113.04	0	926	108	75	1.44
SCAF_534	16345	2126	130.07	0	1063	63	92	0.68
SCAF_535	16343	1258	76.97	0	629	42	50	0.84
SCAF_536	16333	1264	77.39	0	632	33	43	0.77
SCAF_537	16287	1732	106.34	0	866	79	64	1.23
SCAF_538	16266	3202	196.85	0	1601	92	199	0.46
SCAF_539	16246	1086	66.85	0	543	15	18	0.83
SCAF_54	65267	5420	83.04	0	2710	283	198	1.43
SCAF_540	16245	2088	128.53	0	1044	51	105	0.49
SCAF_541	16215	1916	118.16	0	958	65	69	0.94
SCAF_542	16208	1192	73.54	0	596	36	44	0.82
SCAF_543	16160	2290	141.71	0	1145	50	128	0.39
SCAF_544	16140	1248	77.32	0	624	30	45	0.67
SCAF_545	16102	1828	113.53	0	914	58	84	0.69
SCAF_546	16083	4176	259.65	0	2088	150	301	0.50
SCAF_547	16037	1144	71.34	0	572	42	36	1.17
SCAF_548	16034	1736	108.27	0	868	61	81	0.75
SCAF_549	16030	1264	78.85	0	632	50	68	0.74
SCAF_55	65114	8256	126.79	0	4128	494	322	1.53
SCAF_550	16027	528	32.94	0	264	17	9	1.89
SCAF_551	15990	1394	87.18	0	697	63	57	1.11
SCAF_552	15913	2028	127.44	0	1014	114	104	1.10
SCAF_553	15906	644	40.49	0	322	30	23	1.30
SCAF_554	15898	2872	180.65	0	1436	88	163	0.54
SCAF_555	15891	1598	100.56	0	799	48	84	0.57
SCAF_556	15885	3364	211.77	0	1682	111	235	0.47
SCAF_557	15855	1946	122.74	0	973	71	105	0.68
SCAF_558	15839	1870	118.06	0	935	53	94	0.56
SCAF_559	15827	3066	193.72	0	1533	141	243	0.58
SCAF_56	62812	6154	97.97	0	3077	274	251	1.09
SCAF_560	15823	1218	76.98	0	609	77	38	2.03
SCAF_561	15791	4154	263.06	0	2077	154	296	0.52
SCAF_562	15777	118	7.48	0	59	1	0	0
SCAF_563	15776	1908	120.94	0	954	108	87	1.24
SCAF_564	15761	3562	226.00	0	1781	88	245	0.36
SCAF_565	15717	2110	134.25	0	1055	57	113	0.50
SCAF_566	15706	1012	64.43	0	506	23	30	0.77
SCAF_567	15696	3152	200.82	0	1576	121	170	0.71
SCAF_568	15657	3776	241.17	0	1888	101	230	0.44
SCAF_569	15650	566	36.17	0	283	26	8	3.25
SCAF_57	62187	6334	101.85	0	3167	345	297	1.16
SCAF_570	15646	1056	67.49	0	528	27	33	0.82
SCAF_571	15619	1038	66.46	0	519	16	15	1.07
SCAF_572	15612	1740	111.45	0	870	43	66	0.65
SCAF_573	15605	1636	104.84	0	818	57	75	0.76
SCAF_574	15575	1002	64.33	0	501	31	46	0.67
SCAF_575	15573	1084	69.61	0	542	21	41	0.51
SCAF_576	15571	2552	163.89	0	1276	82	115	0.71
SCAF_577	15544	1802	115.93	0	901	43	80	0.54
SCAF_578	15521	548	35.31	0	274	22	14	1.57
SCAF_579	15497	1028	66.34	0	514	23	12	1.92
SCAF_58	61544	14592	237.10	0	7296	576	1006	0.57
SCAF_580	15481	1848	119.37	0	924	48	109	0.44
SCAF_581	15458	1424	92.12	0	712	82	69	1.19
SCAF_582	15439	1520	98.45	0	760	69	73	0.95
SCAF_583	15421	1052	68.22	0	526	54	20	2.70
SCAF_584	15337	1082	70.55	0	541	15	11	1.36
SCAF_585	15336	1274	83.07	0	637	36	39	0.92
SCAF_586	15301	2918	190.71	0	1459	97	181	0.54
SCAF_587	15300	3426	223.92	0	1713	239	99	2.41
SCAF_588	15298	1980	129.43	0	990	50	112	0.45
SCAF_589	15238	1542	101.19	0	771	99	62	1.60
SCAF_59	61533	4526	73.55	0	2263	214	162	1.32
SCAF_590	15205	1304	85.76	0	652	45	74	0.61
SCAF_591	15162	1668	110.01	0	834	88	71	1.24
SCAF_592	15154	1462	96.48	0	731	25	61	0.41
SCAF_593	15087	3336	221.12	0	1668	128	226	0.57
SCAF_594	15082	2308	153.03	0	1154	157	96	1.64
SCAF_595	15055	2212	146.93	0	1106	140	111	1.26
SCAF_596	15045	1116	74.18	0	558	24	46	0.52
SCAF_597	15030	3794	252.43	0	1897	107	271	0.39
SCAF_598	15027	1240	82.52	0	620	47	29	1.62
SCAF_599	15000	1736	115.73	0	868	141	107	1.32
SCAF_6	1976889	0	0.00	0	0	0	0	0
SCAF_60	61411	8324	135.55	0	4162	512	184	2.78
SCAF_600	14995	1980	132.04	0	990	102	79	1.29
SCAF_601	14985	1470	98.10	0	735	73	82	0.89
SCAF_602	14930	2906	194.64	0	1453	86	204	0.42
SCAF_603	14898	2074	139.21	0	1037	71	132	0.54
SCAF_604	14863	3094	208.17	0	1547	110	190	0.58
SCAF_605	14840	1310	88.27	0	655	38	44	0.86
SCAF_606	14808	1092	73.74	0	546	30	30	1.00
SCAF_607	14807	2412	162.90	0	1206	123	94	1.31
SCAF_608	14785	1640	110.92	0	820	58	80	0.72
SCAF_609	14742	444	30.12	0	222	27	7	3.86
SCAF_61	61115	8102	132.57	0	4051	578	464	1.25
SCAF_610	14738	2152	146.02	0	1076	68	102	0.67
SCAF_611	14737	1542	104.63	0	771	92	71	1.30
SCAF_612	14712	68	4.62	0	34	0	1	0.00
SCAF_613	14708	1438	97.77	0	719	75	62	1.21
SCAF_614	14694	1352	92.01	0	676	74	28	2.64
SCAF_615	14684	1456	99.16	0	728	27	45	0.60
SCAF_616	14676	666	45.38	0	333	13	18	0.72
SCAF_617	14662	912	62.20	0	456	43	39	1.10
SCAF_618	14658	3728	254.33	0	1864	128	243	0.53
SCAF_619	14650	1318	89.97	0	659	48	24	2.00
SCAF_62	59972	4428	73.83	0	2214	91	65	1.40
SCAF_620	14639	990	67.63	0	495	36	32	1.12
SCAF_621	14614	2180	149.17	0	1090	76	157	0.48
SCAF_622	14596	1212	83.04	0	606	52	47	1.11
SCAF_623	14590	1272	87.18	0	636	47	47	1.00
SCAF_624	14581	980	67.21	0	490	14	28	0.50
SCAF_625	14547	1396	95.96	0	698	82	60	1.37
SCAF_626	14527	1852	127.49	0	926	60	94	0.64
SCAF_627	14523	2034	140.05	0	1017	54	97	0.56
SCAF_628	14498	992	68.42	0	496	35	38	0.92
SCAF_629	14453	1468	101.57	0	734	55	61	0.90
SCAF_63	59743	9522	159.38	0	4761	297	250	1.19
SCAF_630	14414	1122	77.84	0	561	37	43	0.86
SCAF_631	14395	1498	104.06	0	749	40	73	0.55
SCAF_632	14385	2638	183.39	0	1319	44	170	0.26
SCAF_633	14371	1196	83.22	0	598	22	31	0.71
SCAF_634	14371	2104	146.41	0	1052	76	117	0.65
SCAF_635	14280	1618	113.31	0	809	48	31	1.55
SCAF_636	14276	1446	101.29	0	723	40	60	0.67
SCAF_637	14236	1890	132.76	0	945	69	78	0.88
SCAF_638	14229	2972	208.87	0	1486	114	214	0.53
SCAF_639	14202	1012	71.26	0	506	23	28	0.82
SCAF_64	58841	3522	59.86	0	1761	116	59	1.97
SCAF_640	14111	1108	78.52	0	554	46	35	1.31
SCAF_641	14088	3482	247.16	0	1741	122	233	0.52
SCAF_642	14005	2986	213.21	0	1493	104	252	0.41
SCAF_643	13977	54	3.86	0	27	0	1	0.00
SCAF_644	13890	1470	105.83	0	735	48	49	0.98
SCAF_645	13875	3038	218.95	0	1519	92	217	0.42
SCAF_646	13874	1830	131.90	0	915	94	84	1.12
SCAF_647	13848	2246	162.19	0	1123	70	151	0.46
SCAF_648	13847	1516	109.48	0	758	40	36	1.11
SCAF_649	13838	1766	127.62	0	883	73	89	0.82
SCAF_65	58838	5354	91.00	0	2677	278	192	1.45
SCAF_650	13812	1760	127.43	0	880	66	80	0.82
SCAF_651	13758	1232	89.55	0	616	84	66	1.27
SCAF_652	13727	1858	135.35	0	929	52	72	0.72
SCAF_653	13703	968	70.64	0	484	31	20	1.55
SCAF_654	13701	1072	78.24	0	536	36	33	1.09
SCAF_655	13677	1198	87.59	0	599	38	42	0.90
SCAF_656	13622	2724	199.97	0	1362	117	166	0.70
SCAF_657	13584	910	66.99	0	455	15	16	0.94
SCAF_658	13583	3104	228.52	0	1552	133	199	0.67
SCAF_659	13535	3844	284.00	0	1922	114	245	0.47
SCAF_66	58483	3840	65.66	0	1920	152	78	1.95
SCAF_660	13535	1006	74.33	0	503	26	32	0.81
SCAF_661	13499	1390	102.97	0	695	44	55	0.80
SCAF_662	13464	808	60.01	0	404	25	15	1.67
SCAF_663	13438	894	66.53	0	447	38	37	1.03
SCAF_664	13385	40	2.99	0	20	1	2	0.50
SCAF_665	13357	1068	79.96	0	534	21	36	0.58
SCAF_666	13330	2398	179.89	0	1199	80	158	0.51
SCAF_667	13327	1550	116.31	0	775	57	46	1.24
SCAF_668	13319	802	60.21	0	401	22	20	1.10
SCAF_669	13303	1284	96.52	0	642	34	19	1.79
SCAF_67	57162	4196	73.41	0	2098	220	193	1.14
SCAF_670	13293	3680	276.84	0	1840	123	251	0.49
SCAF_671	13288	1870	140.73	0	935	110	78	1.41
SCAF_672	13266	1694	127.69	0	847	57	109	0.52
SCAF_673	13189	630	47.77	0	315	24	14	1.71
SCAF_674	13149	1956	148.76	0	978	84	94	0.89
SCAF_675	13128	1862	141.83	0	931	98	86	1.14
SCAF_676	13120	1250	95.27	0	625	63	60	1.05
SCAF_677	13080	1376	105.20	0	688	37	35	1.06
SCAF_678	13050	884	67.74	0	442	21	42	0.50
SCAF_679	13043	1600	122.67	0	800	64	81	0.79
SCAF_68	56404	3712	65.81	0	1856	160	58	2.76
SCAF_680	13008	1628	125.15	0	814	57	74	0.77
SCAF_681	13001	888	68.30	0	444	24	30	0.80
SCAF_682	12997	1522	117.10	0	761	74	63	1.17
SCAF_683	12986	2326	179.12	0	1163	64	155	0.41
SCAF_684	12871	1274	98.98	0	637	37	46	0.80
SCAF_685	12842	1346	104.81	0	673	37	59	0.63
SCAF_686	12830	886	69.06	0	443	23	29	0.79
SCAF_687	12781	2040	159.61	0	1020	57	143	0.40
SCAF_688	12768	1118	87.56	0	559	44	43	1.02
SCAF_689	12768	2440	191.10	0	1220	90	165	0.55
SCAF_69	55942	11086	198.17	0	5543	401	742	0.54
SCAF_690	12764	1944	152.30	0	972	54	89	0.61
SCAF_691	12677	1134	89.45	0	567	36	45	0.80
SCAF_692	12675	1100	86.79	0	550	33	29	1.14
SCAF_693	12651	916	72.41	0	458	22	33	0.67
SCAF_694	12646	618	48.87	0	309	11	26	0.42
SCAF_695	12643	1470	116.27	0	735	93	87	1.07
SCAF_696	12633	1854	146.76	0	927	75	117	0.64
SCAF_697	12625	2734	216.55	0	1367	77	159	0.48
SCAF_698	12617	2512	199.10	0	1256	127	134	0.95
SCAF_699	12540	1024	81.66	0	512	29	41	0.71
SCAF_7	1932263	0	0.00	0	0	0	0	0
SCAF_70	55722	7596	136.32	0	3798	506	410	1.23
SCAF_700	12515	478	38.19	0	239	0	3	0.00
SCAF_701	12482	624	49.99	0	312	12	25	0.48
SCAF_702	12461	1508	121.02	0	754	67	92	0.73
SCAF_703	12456	1380	110.79	0	690	74	55	1.35
SCAF_704	12456	556	44.64	0	278	6	9	0.67
SCAF_705	12358	460	37.22	0	230	13	3	4.33
SCAF_706	12350	1834	148.50	0	917	116	108	1.07
SCAF_707	12343	960	77.78	0	480	38	39	0.97
SCAF_708	12333	622	50.43	0	311	9	18	0.50
SCAF_709	12319	72	5.84	0	36	0	3	0.00
SCAF_71	55604	7590	136.50	0	3795	547	422	1.30
SCAF_710	12288	1218	99.12	0	609	26	40	0.65
SCAF_711	12252	1858	151.65	0	929	131	95	1.38
SCAF_712	12218	1826	149.45	0	913	85	100	0.85
SCAF_713	12177	1756	144.21	0	878	128	74	1.73
SCAF_714	12167	1142	93.86	0	571	41	35	1.17
SCAF_715	12163	478	39.30	0	239	10	19	0.53
SCAF_716	12143	1776	146.26	0	888	56	134	0.42
SCAF_717	12102	582	48.09	0	291	16	14	1.14
SCAF_718	12099	1422	117.53	0	711	56	91	0.62
SCAF_719	12095	1410	116.58	0	705	48	68	0.71
SCAF_72	54709	8194	149.77	0	4097	186	479	0.39
SCAF_720	12085	1400	115.85	0	700	58	71	0.82
SCAF_721	12078	1428	118.23	0	714	58	68	0.85
SCAF_722	12066	758	62.82	0	379	28	24	1.17
SCAF_723	12015	3120	259.68	0	1560	109	224	0.49
SCAF_724	12004	1578	131.46	0	789	60	76	0.79
SCAF_725	11949	1450	121.35	0	725	53	66	0.80
SCAF_726	11911	752	63.13	0	376	17	18	0.94
SCAF_727	11900	920	77.31	0	460	10	15	0.67
SCAF_728	11869	1478	124.53	0	739	66	66	1.00
SCAF_729	11788	1822	154.56	0	911	98	74	1.32
SCAF_73	52157	6480	124.24	0	3240	133	370	0.36
SCAF_730	11785	1952	165.63	0	976	97	74	1.31
SCAF_731	11750	2546	216.68	0	1273	72	145	0.50
SCAF_732	11699	1154	98.64	0	577	50	44	1.14
SCAF_733	11674	834	71.44	0	417	13	22	0.59
SCAF_734	11658	1276	109.45	0	638	38	64	0.59
SCAF_735	11648	1348	115.73	0	674	65	49	1.33
SCAF_736	11642	2732	234.67	0	1366	108	215	0.50
SCAF_737	11612	662	57.01	0	331	17	28	0.61
SCAF_738	11595	762	65.72	0	381	10	12	0.83
SCAF_739	11525	2580	223.86	0	1290	83	66	1.26
SCAF_74	52077	7102	136.37	0	3551	428	352	1.22
SCAF_740	11505	2410	209.47	0	1205	74	172	0.43
SCAF_741	11492	2238	194.74	0	1119	61	106	0.58
SCAF_742	11467	14	1.22	0	7	0	0	0
SCAF_743	11404	442	38.76	0	221	8	6	1.33
SCAF_744	11377	2372	208.49	0	1186	103	142	0.73
SCAF_745	11364	1918	168.78	0	959	58	98	0.59
SCAF_746	11318	1494	132.00	0	747	60	74	0.81
SCAF_747	11311	1530	135.27	0	765	66	41	1.61
SCAF_748	11306	916	81.02	0	458	43	40	1.07
SCAF_749	11299	868	76.82	0	434	41	33	1.24
SCAF_75	51185	5048	98.62	0	2524	234	225	1.04
SCAF_750	11284	770	68.24	0	385	19	22	0.86
SCAF_751	11276	1232	109.26	0	616	41	35	1.17
SCAF_752	11267	686	60.89	0	343	22	21	1.05
SCAF_753	11254	854	75.88	0	427	37	34	1.09
SCAF_754	11236	2014	179.25	0	1007	67	91	0.74
SCAF_755	11231	1352	120.38	0	676	28	69	0.41
SCAF_756	11200	1250	111.61	0	625	52	64	0.81
SCAF_757	11195	1316	117.55	0	658	45	93	0.48
SCAF_758	11126	1144	102.82	0	572	40	45	0.89
SCAF_759	11118	2066	185.82	0	1033	63	130	0.48
SCAF_76	50428	384	7.61	0	192	16	9	1.78
SCAF_760	11100	526	47.39	0	263	22	18	1.22
SCAF_761	11097	1460	131.57	0	730	45	53	0.85
SCAF_762	11029	684	62.02	0	342	31	17	1.82
SCAF_763	11019	602	54.63	0	301	19	18	1.06
SCAF_764	10979	1680	153.02	0	840	92	30	3.07
SCAF_765	10957	438	39.97	0	219	9	6	1.50
SCAF_766	10940	2004	183.18	0	1002	70	117	0.60
SCAF_767	10913	712	65.24	0	356	46	24	1.92
SCAF_768	10886	938	86.17	0	469	48	45	1.07
SCAF_769	10867	962	88.52	0	481	25	32	0.78
SCAF_77	50384	748	14.85	0	374	25	28	0.89
SCAF_770	10816	934	86.35	0	467	34	37	0.92
SCAF_771	10810	734	67.90	0	367	11	14	0.79
SCAF_772	10709	1434	133.91	0	717	45	49	0.92
SCAF_773	10688	1880	175.90	0	940	63	94	0.67
SCAF_774	10648	1138	106.87	0	569	68	50	1.36
SCAF_775	10642	532	49.99	0	266	8	9	0.89
SCAF_776	10612	808	76.14	0	404	21	37	0.57
SCAF_777	10608	1392	131.22	0	696	77	70	1.10
SCAF_778	10604	2124	200.30	0	1062	72	118	0.61
SCAF_779	10578	1324	125.17	0	662	46	61	0.75
SCAF_78	49366	7638	154.72	0	3819	434	418	1.04
SCAF_780	10571	914	86.46	0	457	15	21	0.71
SCAF_781	10511	588	55.94	0	294	13	19	0.68
SCAF_782	10492	792	75.49	0	396	14	25	0.56
SCAF_783	10421	2108	202.28	0	1054	52	151	0.34
SCAF_784	10379	974	93.84	0	487	59	44	1.34
SCAF_785	10337	1470	142.21	0	735	62	99	0.63
SCAF_786	10326	1348	130.54	0	674	42	57	0.74
SCAF_787	10326	766	74.18	0	383	21	21	1.00
SCAF_788	10316	1656	160.53	0	828	53	84	0.63
SCAF_789	10256	208	20.28	0	104	0	1	0.00
SCAF_79	49160	4830	98.25	0	2415	217	183	1.19
SCAF_790	10228	926	90.54	0	463	46	27	1.70
SCAF_791	10185	2052	201.47	0	1026	83	158	0.53
SCAF_792	10184	1358	133.35	0	679	55	75	0.73
SCAF_793	10160	678	66.73	0	339	23	22	1.05
SCAF_794	10147	1016	100.13	0	508	33	64	0.52
SCAF_795	10110	366	36.20	0	183	13	11	1.18
SCAF_796	10045	510	50.77	0	255	6	14	0.43
SCAF_797	10015	690	68.90	0	345	16	12	1.33
SCAF_798	10012	2050	204.75	0	1025	74	147	0.50
SCAF_799	9978	446	44.70	0	223	16	11	1.45
SCAF_8	1669080	0	0.00	0	0	0	0	0
SCAF_80	48966	8096	165.34	0	4048	427	415	1.03
SCAF_800	9947	1002	100.73	0	501	53	25	2.12
SCAF_801	9941	1820	183.08	0	910	54	114	0.47
SCAF_802	9910	676	68.21	0	338	16	25	0.64
SCAF_803	9879	2104	212.98	0	1052	75	110	0.68
SCAF_804	9861	972	98.57	0	486	63	34	1.85
SCAF_805	9859	772	78.30	0	386	25	17	1.47
SCAF_806	9855	3220	326.74	0	1610	144	208	0.69
SCAF_807	9792	1536	156.86	0	768	43	84	0.51
SCAF_808	9784	2104	215.04	0	1052	57	127	0.45
SCAF_809	9773	570	58.32	0	285	23	4	5.75
SCAF_81	48848	4330	88.64	0	2165	134	189	0.71
SCAF_810	9756	290	29.73	0	145	0	8	0.00
SCAF_811	9753	1238	126.94	0	619	17	31	0.55
SCAF_812	9719	604	62.15	0	302	20	8	2.50
SCAF_813	9715	664	68.35	0	332	24	22	1.09
SCAF_814	9708	1380	142.15	0	690	44	67	0.66
SCAF_815	9700	1188	122.47	0	594	42	54	0.78
SCAF_816	9673	1146	118.47	0	573	45	42	1.07
SCAF_817	9638	1558	161.65	0	779	38	72	0.53
SCAF_818	9601	1494	155.61	0	747	45	71	0.63
SCAF_819	9601	2162	225.18	0	1081	67	96	0.70
SCAF_82	48542	3944	81.25	0	1972	207	168	1.23
SCAF_820	9550	28	2.93	0	14	1	0	0
SCAF_821	9533	1026	107.63	0	513	42	62	0.68
SCAF_822	9498	1770	186.36	0	885	65	82	0.79
SCAF_823	9466	0	0.00	0	0	0	0	0
SCAF_824	9457	502	53.08	0	251	14	14	1.00
SCAF_825	9446	870	92.10	0	435	46	23	2.00
SCAF_826	9385	872	92.91	0	436	43	33	1.30
SCAF_827	9376	726	77.43	0	363	41	30	1.37
SCAF_828	9365	448	47.84	0	224	15	13	1.15
SCAF_829	9320	768	82.40	0	384	39	30	1.30
SCAF_83	48542	8892	183.18	0	4446	220	602	0.37
SCAF_830	9303	1278	137.38	0	639	34	50	0.68
SCAF_831	9295	488	52.50	0	244	11	10	1.10
SCAF_832	9282	1236	133.16	0	618	45	61	0.74
SCAF_833	9263	520	56.14	0	260	13	23	0.57
SCAF_834	9159	1368	149.36	0	684	50	21	2.38
SCAF_835	9159	2436	265.97	0	1218	81	199	0.41
SCAF_836	9157	1042	113.79	0	521	47	45	1.04
SCAF_837	9095	510	56.07	0	255	6	7	0.86
SCAF_838	9078	984	108.39	0	492	37	18	2.06
SCAF_839	9057	652	71.99	0	326	29	17	1.71
SCAF_84	47775	5804	121.49	0	2902	232	261	0.89
SCAF_840	9014	858	95.19	0	429	26	21	1.24
SCAF_841	8986	1254	139.55	0	627	72	57	1.26
SCAF_842	8986	340	37.84	0	170	9	9	1.00
SCAF_843	8952	548	61.22	0	274	20	32	0.62
SCAF_844	8935	728	81.48	0	364	26	16	1.62
SCAF_845	8927	976	109.33	0	488	66	48	1.38
SCAF_846	8908	1124	126.18	0	562	28	26	1.08
SCAF_847	8868	1288	145.24	0	644	57	65	0.88
SCAF_848	8867	1100	124.06	0	550	38	46	0.83
SCAF_849	8825	1202	136.20	0	601	66	53	1.25
SCAF_85	47318	7512	158.76	0	3756	404	418	0.97
SCAF_850	8771	998	113.78	0	499	30	40	0.75
SCAF_851	8703	2220	255.08	0	1110	83	143	0.58
SCAF_852	8695	306	35.19	0	153	8	6	1.33
SCAF_853	8662	114	13.16	0	57	0	1	0.00
SCAF_854	8634	882	102.15	0	441	21	29	0.72
SCAF_855	8630	624	72.31	0	312	14	22	0.64
SCAF_856	8617	10	1.16	0	5	0	0	0
SCAF_857	8469	1694	200.02	0	847	73	111	0.66
SCAF_858	8431	480	56.93	0	240	11	1	11.00
SCAF_859	8397	964	114.80	0	482	25	29	0.86
SCAF_86	46994	6682	142.19	0	3341	407	343	1.19
SCAF_860	8390	304	36.23	0	152	11	11	1.00
SCAF_861	8357	484	57.92	0	242	9	16	0.56
SCAF_862	8342	1732	207.62	0	866	64	62	1.03
SCAF_863	8337	894	107.23	0	447	25	26	0.96
SCAF_864	8258	630	76.29	0	315	21	26	0.81
SCAF_865	8103	806	99.47	0	403	33	30	1.10
SCAF_866	8034	696	86.63	0	348	38	26	1.46
SCAF_867	8027	934	116.36	0	467	49	50	0.98
SCAF_868	8017	1022	127.48	0	511	29	50	0.58
SCAF_869	8015	500	62.38	0	250	18	14	1.29
SCAF_87	46805	6730	143.79	0	3365	424	304	1.39
SCAF_870	8015	1338	166.94	0	669	39	100	0.39
SCAF_871	8000	776	97.00	0	388	25	28	0.89
SCAF_872	7790	910	116.82	0	455	28	29	0.97
SCAF_873	7773	682	87.74	0	341	17	23	0.74
SCAF_874	7763	886	114.13	0	443	50	37	1.35
SCAF_875	7721	328	42.48	0	164	11	4	2.75
SCAF_876	7701	600	77.91	0	300	20	33	0.61
SCAF_877	7680	348	45.31	0	174	8	9	0.89
SCAF_878	7622	1326	173.97	0	663	41	67	0.61
SCAF_879	7582	420	55.39	0	210	18	16	1.12
SCAF_88	46738	11660	249.48	0	5830	430	883	0.49
SCAF_880	7559	708	93.66	0	354	33	38	0.87
SCAF_881	7416	2860	385.65	0	1430	176	78	2.26
SCAF_882	7394	1198	162.02	0	599	37	47	0.79
SCAF_883	7363	766	104.03	0	383	29	24	1.21
SCAF_884	7338	1498	204.14	0	749	51	145	0.35
SCAF_885	7324	322	43.97	0	161	4	12	0.33
SCAF_886	7276	282	38.76	0	141	6	9	0.67
SCAF_887	7242	444	61.31	0	222	18	19	0.95
SCAF_888	7231	566	78.27	0	283	12	12	1.00
SCAF_889	7198	342	47.51	0	171	9	10	0.90
SCAF_89	46547	4902	105.31	0	2451	264	281	0.94
SCAF_890	7142	760	106.41	0	380	21	23	0.91
SCAF_891	7028	700	99.60	0	350	30	37	0.81
SCAF_892	7025	864	122.99	0	432	30	36	0.83
SCAF_893	7015	1034	147.40	0	517	31	55	0.56
SCAF_894	6958	1144	164.42	0	572	32	87	0.37
SCAF_895	6948	692	99.60	0	346	28	35	0.80
SCAF_896	6829	14	2.05	0	7	0	0	0
SCAF_897	6804	878	129.04	0	439	24	45	0.53
SCAF_898	6754	2134	315.96	0	1067	192	69	2.78
SCAF_899	6732	1280	190.14	0	640	43	94	0.46
SCAF_9	1646134	0	0.00	0	0	0	0	0
SCAF_90	46221	5200	112.50	0	2600	189	248	0.76
SCAF_900	6698	410	61.21	0	205	23	13	1.77
SCAF_901	6642	964	145.14	0	482	27	62	0.44
SCAF_902	6588	746	113.24	0	373	32	27	1.19
SCAF_903	6549	792	120.93	0	396	38	33	1.15
SCAF_904	6496	1088	167.49	0	544	41	51	0.80
SCAF_905	6483	362	55.84	0	181	8	10	0.80
SCAF_906	6367	530	83.24	0	265	12	15	0.80
SCAF_907	6367	538	84.50	0	269	29	26	1.12
SCAF_908	6228	134	21.52	0	67	6	8	0.75
SCAF_909	6173	512	82.94	0	256	29	11	2.64
SCAF_91	44916	6086	135.50	0	3043	378	347	1.09
SCAF_910	6170	306	49.59	0	153	19	14	1.36
SCAF_911	6077	0	0.00	0	0	0	0	0
SCAF_912	6073	0	0.00	0	0	0	0	0
SCAF_913	6059	0	0.00	0	0	0	0	0
SCAF_914	6001	0	0.00	0	0	0	0	0
SCAF_915	5869	0	0.00	0	0	0	0	0
SCAF_916	5803	0	0.00	0	0	0	0	0
SCAF_917	5661	0	0.00	0	0	0	0	0
SCAF_918	5277	0	0.00	0	0	0	0	0
SCAF_92	44616	152	3.41	0	76	1	2	0.50
SCAF_93	44136	2880	65.25	0	1440	94	110	0.85
SCAF_94	43913	4944	112.59	0	2472	225	210	1.07
SCAF_95	43808	6800	155.22	0	3400	249	369	0.67
SCAF_96	43342	4152	95.80	0	2076	162	183	0.89
SCAF_97	43038	454	10.55	0	227	3	5	0.60
SCAF_98	42896	3702	86.30	0	1851	140	162	0.86
SCAF_99	42178	4028	95.50	0	2014	243	216	1.12
Totals	51514314	3199344	62.11	0	1599672	145374	149769	0.97
