Chromosome	Length	Total Variants	VarPerKb	SNP	INDEL	Ts	Tv	Ts/Tv
SCAF_1	5574741	0	0.00	0	0	0	0	0
SCAF_10	1570817	0	0.00	0	0	0	0	0
SCAF_100	41993	840	20.00	0	420	14	11	1.27
SCAF_101	41585	2706	65.07	0	1353	90	55	1.64
SCAF_102	41267	32	0.78	0	16	0	0	0
SCAF_103	41164	1106	26.87	0	553	12	21	0.57
SCAF_104	40984	2078	50.70	0	1039	17	61	0.28
SCAF_105	40971	938	22.89	0	469	23	13	1.77
SCAF_106	40689	2586	63.56	0	1293	74	69	1.07
SCAF_107	40038	834	20.83	0	417	24	21	1.14
SCAF_108	39998	1092	27.30	0	546	13	19	0.68
SCAF_109	39904	924	23.16	0	462	8	13	0.62
SCAF_11	1437752	178736	124.32	0	89368	6197	4668	1.33
SCAF_110	39605	1200	30.30	0	600	42	34	1.24
SCAF_111	39279	2570	65.43	0	1285	36	60	0.60
SCAF_112	39164	20	0.51	0	10	0	0	0
SCAF_113	39049	2684	68.73	0	1342	37	69	0.54
SCAF_114	38983	1108	28.42	0	554	17	17	1.00
SCAF_115	38824	3812	98.19	0	1906	178	54	3.30
SCAF_116	37823	704	18.61	0	352	7	4	1.75
SCAF_117	37728	142	3.76	0	71	1	1	1.00
SCAF_118	37705	2262	59.99	0	1131	65	57	1.14
SCAF_119	37514	2082	55.50	0	1041	50	51	0.98
SCAF_12	978195	106866	109.25	0	53433	3663	2599	1.41
SCAF_120	37456	82	2.19	0	41	0	1	0.00
SCAF_121	37441	60	1.60	0	30	0	1	0.00
SCAF_122	37347	1584	42.41	0	792	25	7	3.57
SCAF_123	37222	1866	50.13	0	933	17	47	0.36
SCAF_124	36961	784	21.21	0	392	21	6	3.50
SCAF_125	36710	1910	52.03	0	955	26	51	0.51
SCAF_126	36614	860	23.49	0	430	9	9	1.00
SCAF_127	36584	1936	52.92	0	968	43	28	1.54
SCAF_128	36068	2300	63.77	0	1150	55	68	0.81
SCAF_129	35972	2444	67.94	0	1222	94	67	1.40
SCAF_13	598471	38136	63.72	0	19068	845	523	1.62
SCAF_130	35925	2368	65.92	0	1184	66	66	1.00
SCAF_131	35704	140	3.92	0	70	0	0	0
SCAF_132	35264	1570	44.52	0	785	24	26	0.92
SCAF_133	35121	58	1.65	0	29	0	1	0.00
SCAF_134	35117	1106	31.49	0	553	26	22	1.18
SCAF_135	34903	1236	35.41	0	618	3	29	0.10
SCAF_136	34900	84	2.41	0	42	0	1	0.00
SCAF_137	34765	1576	45.33	0	788	16	38	0.42
SCAF_138	34687	3050	87.93	0	1525	34	50	0.68
SCAF_139	34615	1930	55.76	0	965	58	45	1.29
SCAF_14	247525	808	3.26	0	404	1	3	0.33
SCAF_140	34599	156	4.51	0	78	0	1	0.00
SCAF_141	34497	1754	50.85	0	877	52	41	1.27
SCAF_142	34440	106	3.08	0	53	0	2	0.00
SCAF_143	34384	1784	51.88	0	892	15	50	0.30
SCAF_144	34330	1758	51.21	0	879	19	52	0.37
SCAF_145	34087	1292	37.90	0	646	22	25	0.88
SCAF_146	33692	1648	48.91	0	824	41	43	0.95
SCAF_147	33483	50	1.49	0	25	1	1	1.00
SCAF_148	33469	624	18.64	0	312	9	5	1.80
SCAF_149	33420	54	1.62	0	27	0	0	0
SCAF_15	224905	10624	47.24	0	5312	315	257	1.23
SCAF_150	33347	644	19.31	0	322	11	5	2.20
SCAF_151	33283	2496	74.99	0	1248	42	29	1.45
SCAF_152	33266	1202	36.13	0	601	13	32	0.41
SCAF_153	33237	956	28.76	0	478	9	16	0.56
SCAF_154	33139	554	16.72	0	277	2	5	0.40
SCAF_155	33127	60	1.81	0	30	0	0	0
SCAF_156	32748	2790	85.20	0	1395	38	51	0.75
SCAF_157	32666	3086	94.47	0	1543	67	51	1.31
SCAF_158	32618	604	18.52	0	302	1	10	0.10
SCAF_159	32358	84	2.60	0	42	0	1	0.00
SCAF_16	181804	6006	33.04	0	3003	66	95	0.69
SCAF_160	32136	1564	48.67	0	782	16	45	0.36
SCAF_161	32035	1898	59.25	0	949	21	53	0.40
SCAF_162	31954	768	24.03	0	384	16	8	2.00
SCAF_163	31782	1612	50.72	0	806	10	68	0.15
SCAF_164	31669	1080	34.10	0	540	5	30	0.17
SCAF_165	31629	1990	62.92	0	995	64	60	1.07
SCAF_166	31581	312	9.88	0	156	3	4	0.75
SCAF_167	31556	1150	36.44	0	575	19	28	0.68
SCAF_168	31421	2606	82.94	0	1303	33	69	0.48
SCAF_169	31314	1666	53.20	0	833	11	41	0.27
SCAF_17	176395	10252	58.12	0	5126	302	205	1.47
SCAF_170	31127	702	22.55	0	351	4	6	0.67
SCAF_171	31061	106	3.41	0	53	0	1	0.00
SCAF_172	31059	148	4.77	0	74	0	1	0.00
SCAF_173	30866	892	28.90	0	446	12	10	1.20
SCAF_174	30739	30	0.98	0	15	0	0	0
SCAF_175	30330	640	21.10	0	320	19	5	3.80
SCAF_176	30301	1194	39.40	0	597	20	22	0.91
SCAF_177	30226	712	23.56	0	356	24	10	2.40
SCAF_178	30187	488	16.17	0	244	9	5	1.80
SCAF_179	30183	1968	65.20	0	984	28	84	0.33
SCAF_18	160122	5034	31.44	0	2517	135	98	1.38
SCAF_180	30131	1248	41.42	0	624	27	30	0.90
SCAF_181	30071	644	21.42	0	322	14	8	1.75
SCAF_182	30032	2274	75.72	0	1137	53	49	1.08
SCAF_183	30005	132	4.40	0	66	3	1	3.00
SCAF_184	29541	1124	38.05	0	562	15	4	3.75
SCAF_185	29415	672	22.85	0	336	18	14	1.29
SCAF_186	29375	1330	45.28	0	665	17	36	0.47
SCAF_187	29360	838	28.54	0	419	13	13	1.00
SCAF_188	29327	1582	53.94	0	791	49	41	1.20
SCAF_189	29236	614	21.00	0	307	13	12	1.08
SCAF_19	139354	1332	9.56	0	666	31	22	1.41
SCAF_190	29216	2336	79.96	0	1168	35	29	1.21
SCAF_191	29200	720	24.66	0	360	5	8	0.62
SCAF_192	29083	136	4.68	0	68	0	1	0.00
SCAF_193	29081	798	27.44	0	399	6	4	1.50
SCAF_194	28863	342	11.85	0	171	4	0	0
SCAF_195	28688	1074	37.44	0	537	11	11	1.00
SCAF_196	28688	1656	57.72	0	828	22	51	0.43
SCAF_197	28670	1102	38.44	0	551	24	14	1.71
SCAF_198	28585	1372	48.00	0	686	40	23	1.74
SCAF_199	28585	1220	42.68	0	610	23	23	1.00
SCAF_2	4079479	0	0.00	0	0	0	0	0
SCAF_20	131876	7586	57.52	0	3793	252	189	1.33
SCAF_200	28563	2356	82.48	0	1178	30	83	0.36
SCAF_201	28551	566	19.82	0	283	7	5	1.40
SCAF_202	28219	1720	60.95	0	860	25	57	0.44
SCAF_203	28217	614	21.76	0	307	8	10	0.80
SCAF_204	28187	1798	63.79	0	899	18	18	1.00
SCAF_205	28138	1050	37.32	0	525	10	25	0.40
SCAF_206	28111	746	26.54	0	373	9	7	1.29
SCAF_207	27959	1750	62.59	0	875	55	44	1.25
SCAF_208	27935	84	3.01	0	42	0	0	0
SCAF_209	27830	1570	56.41	0	785	23	59	0.39
SCAF_21	130124	6054	46.52	0	3027	182	142	1.28
SCAF_210	27781	812	29.23	0	406	4	18	0.22
SCAF_211	27774	1520	54.73	0	760	51	36	1.42
SCAF_212	27772	552	19.88	0	276	8	13	0.62
SCAF_213	27728	756	27.26	0	378	16	14	1.14
SCAF_214	27690	2060	74.40	0	1030	24	60	0.40
SCAF_215	27659	34	1.23	0	17	0	0	0
SCAF_216	27637	958	34.66	0	479	19	8	2.38
SCAF_217	27634	592	21.42	0	296	7	5	1.40
SCAF_218	27594	1744	63.20	0	872	57	40	1.43
SCAF_219	27563	134	4.86	0	67	0	0	0
SCAF_22	121580	7674	63.12	0	3837	240	185	1.30
SCAF_220	27545	1772	64.33	0	886	60	50	1.20
SCAF_221	27530	1290	46.86	0	645	15	24	0.62
SCAF_222	27515	194	7.05	0	97	4	3	1.33
SCAF_223	27476	794	28.90	0	397	9	15	0.60
SCAF_224	27450	648	23.61	0	324	5	8	0.62
SCAF_225	27344	754	27.57	0	377	4	3	1.33
SCAF_226	27270	782	28.68	0	391	15	17	0.88
SCAF_227	27232	838	30.77	0	419	13	13	1.00
SCAF_228	27189	1654	60.83	0	827	33	14	2.36
SCAF_229	27037	784	29.00	0	392	13	9	1.44
SCAF_23	117381	7258	61.83	0	3629	215	149	1.44
SCAF_230	26948	566	21.00	0	283	14	5	2.80
SCAF_231	26899	992	36.88	0	496	7	29	0.24
SCAF_232	26856	1244	46.32	0	622	11	24	0.46
SCAF_233	26767	672	25.11	0	336	12	12	1.00
SCAF_234	26700	0	0.00	0	0	0	0	0
SCAF_235	26660	104	3.90	0	52	0	0	0
SCAF_236	26499	1602	60.46	0	801	11	31	0.35
SCAF_237	26482	884	33.38	0	442	16	21	0.76
SCAF_238	26369	882	33.45	0	441	9	17	0.53
SCAF_239	26171	1614	61.67	0	807	17	47	0.36
SCAF_24	115879	5706	49.24	0	2853	162	131	1.24
SCAF_240	26148	750	28.68	0	375	3	10	0.30
SCAF_241	26131	1516	58.02	0	758	38	33	1.15
SCAF_242	26114	1024	39.21	0	512	3	11	0.27
SCAF_243	26085	668	25.61	0	334	12	11	1.09
SCAF_244	26060	238	9.13	0	119	1	1	1.00
SCAF_245	25968	422	16.25	0	211	1	4	0.25
SCAF_246	25946	50	1.93	0	25	0	0	0
SCAF_247	25940	1566	60.37	0	783	54	45	1.20
SCAF_248	25895	450	17.38	0	225	1	1	1.00
SCAF_249	25885	2014	77.81	0	1007	30	72	0.42
SCAF_25	115495	9114	78.91	0	4557	225	235	0.96
SCAF_250	25884	1182	45.67	0	591	29	38	0.76
SCAF_251	25874	446	17.24	0	223	4	6	0.67
SCAF_252	25864	86	3.33	0	43	0	0	0
SCAF_253	25825	776	30.05	0	388	3	11	0.27
SCAF_254	25798	2514	97.45	0	1257	32	40	0.80
SCAF_255	25728	374	14.54	0	187	5	4	1.25
SCAF_256	25725	736	28.61	0	368	2	5	0.40
SCAF_257	25720	1092	42.46	0	546	33	28	1.18
SCAF_258	25700	2024	78.75	0	1012	39	29	1.34
SCAF_259	25645	876	34.16	0	438	11	19	0.58
SCAF_26	113072	6374	56.37	0	3187	188	162	1.16
SCAF_260	25595	1410	55.09	0	705	40	26	1.54
SCAF_261	25593	1504	58.77	0	752	17	49	0.35
SCAF_262	25592	936	36.57	0	468	6	23	0.26
SCAF_263	25481	904	35.48	0	452	14	21	0.67
SCAF_264	25444	1902	74.75	0	951	84	68	1.24
SCAF_265	25436	470	18.48	0	235	1	3	0.33
SCAF_266	25377	888	34.99	0	444	17	14	1.21
SCAF_267	25340	1624	64.09	0	812	74	53	1.40
SCAF_268	25329	938	37.03	0	469	7	24	0.29
SCAF_269	25264	468	18.52	0	234	3	6	0.50
SCAF_27	110609	10884	98.40	0	5442	527	161	3.27
SCAF_270	25225	630	24.98	0	315	2	7	0.29
SCAF_271	25206	1396	55.38	0	698	23	23	1.00
SCAF_272	25161	668	26.55	0	334	12	10	1.20
SCAF_273	25090	636	25.35	0	318	4	11	0.36
SCAF_274	24834	298	12.00	0	149	0	8	0.00
SCAF_275	24832	2058	82.88	0	1029	56	53	1.06
SCAF_276	24811	724	29.18	0	362	20	8	2.50
SCAF_277	24713	622	25.17	0	311	13	9	1.44
SCAF_278	24673	586	23.75	0	293	4	8	0.50
SCAF_279	24542	1162	47.35	0	581	14	27	0.52
SCAF_28	109542	2228	20.34	0	1114	59	45	1.31
SCAF_280	24528	552	22.50	0	276	2	8	0.25
SCAF_281	24435	92	3.77	0	46	0	0	0
SCAF_282	24359	352	14.45	0	176	6	7	0.86
SCAF_283	24173	1064	44.02	0	532	30	28	1.07
SCAF_284	24152	50	2.07	0	25	0	1	0.00
SCAF_285	24110	66	2.74	0	33	0	0	0
SCAF_286	24066	534	22.19	0	267	2	1	2.00
SCAF_287	23981	210	8.76	0	105	2	1	2.00
SCAF_288	23980	700	29.19	0	350	9	10	0.90
SCAF_289	23950	748	31.23	0	374	7	10	0.70
SCAF_29	108319	12578	116.12	0	6289	498	272	1.83
SCAF_290	23945	734	30.65	0	367	19	21	0.90
SCAF_291	23886	464	19.43	0	232	7	6	1.17
SCAF_292	23860	450	18.86	0	225	5	3	1.67
SCAF_293	23814	1298	54.51	0	649	20	37	0.54
SCAF_294	23796	1166	49.00	0	583	13	32	0.41
SCAF_295	23767	2232	93.91	0	1116	20	75	0.27
SCAF_296	23762	1646	69.27	0	823	34	17	2.00
SCAF_297	23695	1360	57.40	0	680	34	24	1.42
SCAF_298	23666	324	13.69	0	162	2	5	0.40
SCAF_299	23648	764	32.31	0	382	19	9	2.11
SCAF_3	3666439	0	0.00	0	0	0	0	0
SCAF_30	107902	6180	57.27	0	3090	111	44	2.52
SCAF_300	23643	24	1.02	0	12	0	0	0
SCAF_301	23638	394	16.67	0	197	7	4	1.75
SCAF_302	23633	1222	51.71	0	611	6	42	0.14
SCAF_303	23629	1626	68.81	0	813	13	51	0.25
SCAF_304	23571	1092	46.33	0	546	32	28	1.14
SCAF_305	23555	1042	44.24	0	521	23	26	0.88
SCAF_306	23322	456	19.55	0	228	7	7	1.00
SCAF_307	23295	800	34.34	0	400	4	26	0.15
SCAF_308	23075	2	0.09	0	1	0	0	0
SCAF_309	23057	1230	53.35	0	615	17	30	0.57
SCAF_31	106626	3406	31.94	0	1703	63	25	2.52
SCAF_310	23011	1710	74.31	0	855	24	63	0.38
SCAF_311	22999	86	3.74	0	43	0	0	0
SCAF_312	22896	2156	94.16	0	1078	31	72	0.43
SCAF_313	22877	284	12.41	0	142	4	2	2.00
SCAF_314	22871	26	1.14	0	13	0	1	0.00
SCAF_315	22844	790	34.58	0	395	1	9	0.11
SCAF_316	22844	454	19.87	0	227	4	8	0.50
SCAF_317	22833	1036	45.37	0	518	24	42	0.57
SCAF_318	22713	1330	58.56	0	665	15	10	1.50
SCAF_319	22685	464	20.45	0	232	5	6	0.83
SCAF_32	102192	4686	45.85	0	2343	103	70	1.47
SCAF_320	22653	380	16.77	0	190	2	5	0.40
SCAF_321	22554	1416	62.78	0	708	10	39	0.26
SCAF_322	22539	1240	55.02	0	620	8	37	0.22
SCAF_323	22525	468	20.78	0	234	6	5	1.20
SCAF_324	22489	1402	62.34	0	701	60	40	1.50
SCAF_325	22468	838	37.30	0	419	19	10	1.90
SCAF_326	22392	20	0.89	0	10	0	0	0
SCAF_327	22337	298	13.34	0	149	2	2	1.00
SCAF_328	22280	0	0.00	0	0	0	0	0
SCAF_329	22245	540	24.28	0	270	5	4	1.25
SCAF_33	98221	6368	64.83	0	3184	190	176	1.08
SCAF_330	22040	584	26.50	0	292	3	9	0.33
SCAF_331	22029	158	7.17	0	79	0	0	0
SCAF_332	21923	904	41.24	0	452	10	28	0.36
SCAF_333	21867	418	19.12	0	209	10	2	5.00
SCAF_334	21813	1300	59.60	0	650	13	29	0.45
SCAF_335	21800	1168	53.58	0	584	24	37	0.65
SCAF_336	21691	378	17.43	0	189	1	1	1.00
SCAF_337	21675	518	23.90	0	259	2	3	0.67
SCAF_338	21621	1332	61.61	0	666	22	19	1.16
SCAF_339	21529	1128	52.39	0	564	15	16	0.94
SCAF_34	97882	6472	66.12	0	3236	221	159	1.39
SCAF_340	21472	746	34.74	0	373	3	8	0.38
SCAF_341	21449	912	42.52	0	456	10	11	0.91
SCAF_342	21444	2000	93.27	0	1000	66	19	3.47
SCAF_343	21365	346	16.19	0	173	3	6	0.50
SCAF_344	21355	526	24.63	0	263	16	7	2.29
SCAF_345	21334	1194	55.97	0	597	16	31	0.52
SCAF_346	21294	8	0.38	0	4	0	2	0.00
SCAF_347	21288	172	8.08	0	86	0	0	0
SCAF_348	21209	252	11.88	0	126	9	5	1.80
SCAF_349	21199	168	7.92	0	84	2	0	0
SCAF_35	95705	3214	33.58	0	1607	30	23	1.30
SCAF_350	21189	760	35.87	0	380	8	8	1.00
SCAF_351	21106	994	47.10	0	497	44	25	1.76
SCAF_352	21098	420	19.91	0	210	6	4	1.50
SCAF_353	21078	412	19.55	0	206	11	6	1.83
SCAF_354	20991	552	26.30	0	276	5	5	1.00
SCAF_355	20981	134	6.39	0	67	1	0	0
SCAF_356	20980	1080	51.48	0	540	10	23	0.43
SCAF_357	20976	332	15.83	0	166	2	5	0.40
SCAF_358	20871	344	16.48	0	172	1	3	0.33
SCAF_359	20831	246	11.81	0	123	2	1	2.00
SCAF_36	94431	3652	38.67	0	1826	100	59	1.69
SCAF_360	20777	336	16.17	0	168	0	8	0.00
SCAF_361	20737	944	45.52	0	472	11	34	0.32
SCAF_362	20702	1454	70.23	0	727	36	48	0.75
SCAF_363	20586	128	6.22	0	64	6	0	0
SCAF_364	20574	658	31.98	0	329	19	13	1.46
SCAF_365	20553	248	12.07	0	124	3	2	1.50
SCAF_366	20522	320	15.59	0	160	0	2	0.00
SCAF_367	20517	348	16.96	0	174	7	4	1.75
SCAF_368	20452	530	25.91	0	265	11	9	1.22
SCAF_369	20438	1110	54.31	0	555	25	24	1.04
SCAF_37	92851	3532	38.04	0	1766	80	65	1.23
SCAF_370	20350	1838	90.32	0	919	31	24	1.29
SCAF_371	20349	1102	54.15	0	551	15	15	1.00
SCAF_372	20285	132	6.51	0	66	1	1	1.00
SCAF_373	20282	566	27.91	0	283	5	2	2.50
SCAF_374	20282	44	2.17	0	22	0	1	0.00
SCAF_375	20179	808	40.04	0	404	11	17	0.65
SCAF_376	20174	1656	82.09	0	828	18	39	0.46
SCAF_377	20160	1198	59.42	0	599	9	32	0.28
SCAF_378	20157	6	0.30	0	3	0	0	0
SCAF_379	20150	708	35.14	0	354	16	18	0.89
SCAF_38	89142	4102	46.02	0	2051	143	115	1.24
SCAF_380	20140	844	41.91	0	422	14	13	1.08
SCAF_381	20082	520	25.89	0	260	2	7	0.29
SCAF_382	20068	468	23.32	0	234	2	1	2.00
SCAF_383	20052	500	24.94	0	250	4	6	0.67
SCAF_384	20039	924	46.11	0	462	20	34	0.59
SCAF_385	20036	826	41.23	0	413	8	12	0.67
SCAF_386	20004	1514	75.68	0	757	23	51	0.45
SCAF_387	19967	528	26.44	0	264	5	7	0.71
SCAF_388	19953	1598	80.09	0	799	46	26	1.77
SCAF_389	19874	252	12.68	0	126	4	1	4.00
SCAF_39	88257	4136	46.86	0	2068	105	90	1.17
SCAF_390	19870	30	1.51	0	15	0	0	0
SCAF_391	19819	728	36.73	0	364	6	12	0.50
SCAF_392	19814	682	34.42	0	341	3	5	0.60
SCAF_393	19805	366	18.48	0	183	8	7	1.14
SCAF_394	19796	1546	78.10	0	773	25	56	0.45
SCAF_395	19788	72	3.64	0	36	0	0	0
SCAF_396	19769	896	45.32	0	448	3	4	0.75
SCAF_397	19737	648	32.83	0	324	16	11	1.45
SCAF_398	19694	1524	77.38	0	762	32	38	0.84
SCAF_399	19627	824	41.98	0	412	4	17	0.24
SCAF_4	2601389	0	0.00	0	0	0	0	0
SCAF_40	85354	5956	69.78	0	2978	181	130	1.39
SCAF_400	19559	1194	61.05	0	597	23	35	0.66
SCAF_401	19529	992	50.80	0	496	9	25	0.36
SCAF_402	19485	424	21.76	0	212	6	8	0.75
SCAF_403	19440	406	20.88	0	203	1	5	0.20
SCAF_404	19429	494	25.43	0	247	3	6	0.50
SCAF_405	19412	294	15.15	0	147	7	6	1.17
SCAF_406	19412	612	31.53	0	306	6	11	0.55
SCAF_407	19392	574	29.60	0	287	5	10	0.50
SCAF_408	19383	94	4.85	0	47	0	1	0.00
SCAF_409	19350	388	20.05	0	194	3	8	0.38
SCAF_41	82239	3534	42.97	0	1767	127	88	1.44
SCAF_410	19334	814	42.10	0	407	7	12	0.58
SCAF_411	19319	92	4.76	0	46	1	0	0
SCAF_412	19298	1422	73.69	0	711	54	39	1.38
SCAF_413	19281	1386	71.88	0	693	34	43	0.79
SCAF_414	19250	454	23.58	0	227	16	8	2.00
SCAF_415	19240	730	37.94	0	365	10	13	0.77
SCAF_416	19198	570	29.69	0	285	11	10	1.10
SCAF_417	19156	202	10.54	0	101	0	3	0.00
SCAF_418	19069	0	0.00	0	0	0	0	0
SCAF_419	19061	560	29.38	0	280	16	11	1.45
SCAF_42	77162	3404	44.11	0	1702	125	64	1.95
SCAF_420	19040	184	9.66	0	92	3	1	3.00
SCAF_421	19012	1510	79.42	0	755	16	28	0.57
SCAF_422	18950	380	20.05	0	190	8	6	1.33
SCAF_423	18945	978	51.62	0	489	16	31	0.52
SCAF_424	18943	350	18.48	0	175	3	4	0.75
SCAF_425	18932	906	47.86	0	453	12	16	0.75
SCAF_426	18882	388	20.55	0	194	2	6	0.33
SCAF_427	18874	740	39.21	0	370	18	17	1.06
SCAF_428	18866	872	46.22	0	436	23	18	1.28
SCAF_429	18866	516	27.35	0	258	11	5	2.20
SCAF_43	76714	4718	61.50	0	2359	170	135	1.26
SCAF_430	18815	732	38.91	0	366	3	8	0.38
SCAF_431	18805	762	40.52	0	381	22	24	0.92
SCAF_432	18790	1004	53.43	0	502	30	33	0.91
SCAF_433	18773	432	23.01	0	216	2	6	0.33
SCAF_434	18766	414	22.06	0	207	10	5	2.00
SCAF_435	18753	494	26.34	0	247	14	11	1.27
SCAF_436	18746	312	16.64	0	156	16	11	1.45
SCAF_437	18721	914	48.82	0	457	1	30	0.03
SCAF_438	18669	340	18.21	0	170	3	1	3.00
SCAF_439	18588	420	22.60	0	210	6	5	1.20
SCAF_44	76272	2618	34.32	0	1309	43	22	1.95
SCAF_440	18561	1506	81.14	0	753	24	25	0.96
SCAF_441	18530	564	30.44	0	282	14	16	0.88
SCAF_442	18489	390	21.09	0	195	4	4	1.00
SCAF_443	18479	546	29.55	0	273	5	11	0.45
SCAF_444	18424	740	40.17	0	370	14	11	1.27
SCAF_445	18396	1228	66.75	0	614	14	42	0.33
SCAF_446	18392	440	23.92	0	220	10	6	1.67
SCAF_447	18255	558	30.57	0	279	7	8	0.88
SCAF_448	18252	600	32.87	0	300	13	7	1.86
SCAF_449	18248	940	51.51	0	470	10	27	0.37
SCAF_45	73110	3396	46.45	0	1698	29	114	0.25
SCAF_450	18208	186	10.22	0	93	0	2	0.00
SCAF_451	18202	894	49.12	0	447	16	17	0.94
SCAF_452	18192	310	17.04	0	155	1	1	1.00
SCAF_453	18150	222	12.23	0	111	4	1	4.00
SCAF_454	18134	174	9.60	0	87	0	1	0.00
SCAF_455	18114	38	2.10	0	19	0	0	0
SCAF_456	18112	406	22.42	0	203	3	2	1.50
SCAF_457	18054	1440	79.76	0	720	49	47	1.04
SCAF_458	18006	1428	79.31	0	714	18	49	0.37
SCAF_459	18000	110	6.11	0	55	1	2	0.50
SCAF_46	72118	4376	60.68	0	2188	157	132	1.19
SCAF_460	17967	460	25.60	0	230	13	6	2.17
SCAF_461	17943	538	29.98	0	269	7	6	1.17
SCAF_462	17929	420	23.43	0	210	11	1	11.00
SCAF_463	17921	44	2.46	0	22	0	0	0
SCAF_464	17913	1406	78.49	0	703	21	48	0.44
SCAF_465	17912	490	27.36	0	245	11	19	0.58
SCAF_466	17886	502	28.07	0	251	15	8	1.88
SCAF_467	17859	208	11.65	0	104	6	2	3.00
SCAF_468	17837	314	17.60	0	157	4	5	0.80
SCAF_469	17802	178	10.00	0	89	0	0	0
SCAF_47	70166	4168	59.40	0	2084	118	118	1.00
SCAF_470	17776	324	18.23	0	162	6	5	1.20
SCAF_471	17682	300	16.97	0	150	2	1	2.00
SCAF_472	17646	840	47.60	0	420	21	13	1.62
SCAF_473	17646	618	35.02	0	309	16	15	1.07
SCAF_474	17642	74	4.19	0	37	0	1	0.00
SCAF_475	17613	120	6.81	0	60	0	1	0.00
SCAF_476	17602	854	48.52	0	427	15	7	2.14
SCAF_477	17571	100	5.69	0	50	1	0	0
SCAF_478	17535	500	28.51	0	250	3	6	0.50
SCAF_479	17528	448	25.56	0	224	1	3	0.33
SCAF_48	69627	4312	61.93	0	2156	137	119	1.15
SCAF_480	17503	656	37.48	0	328	7	12	0.58
SCAF_481	17502	412	23.54	0	206	6	6	1.00
SCAF_482	17480	218	12.47	0	109	1	3	0.33
SCAF_483	17476	448	25.64	0	224	5	9	0.56
SCAF_484	17457	512	29.33	0	256	5	12	0.42
SCAF_485	17386	1116	64.19	0	558	21	33	0.64
SCAF_486	17362	1096	63.13	0	548	15	30	0.50
SCAF_487	17332	396	22.85	0	198	3	10	0.30
SCAF_488	17327	1172	67.64	0	586	10	51	0.20
SCAF_489	17303	1318	76.17	0	659	18	46	0.39
SCAF_49	69624	1900	27.29	0	950	29	8	3.62
SCAF_490	17273	680	39.37	0	340	5	13	0.38
SCAF_491	17245	1308	75.85	0	654	18	18	1.00
SCAF_492	17239	920	53.37	0	460	2	34	0.06
SCAF_493	17219	1510	87.69	0	755	15	67	0.22
SCAF_494	17218	658	38.22	0	329	5	19	0.26
SCAF_495	17211	636	36.95	0	318	3	9	0.33
SCAF_496	17198	976	56.75	0	488	10	16	0.62
SCAF_497	17190	108	6.28	0	54	0	0	0
SCAF_498	17162	404	23.54	0	202	8	7	1.14
SCAF_499	17147	582	33.94	0	291	4	10	0.40
SCAF_5	2032088	0	0.00	0	0	0	0	0
SCAF_50	68258	4022	58.92	0	2011	108	97	1.11
SCAF_500	17144	350	20.42	0	175	2	2	1.00
SCAF_501	17142	226	13.18	0	113	1	2	0.50
SCAF_502	17124	602	35.16	0	301	15	10	1.50
SCAF_503	17118	2	0.12	0	1	0	0	0
SCAF_504	17076	492	28.81	0	246	17	11	1.55
SCAF_505	17047	0	0.00	0	0	0	0	0
SCAF_506	17043	706	41.42	0	353	13	8	1.62
SCAF_507	17035	828	48.61	0	414	14	19	0.74
SCAF_508	17021	472	27.73	0	236	8	9	0.89
SCAF_509	16971	886	52.21	0	443	11	38	0.29
SCAF_51	66966	2832	42.29	0	1416	86	49	1.76
SCAF_510	16897	1044	61.79	0	522	31	15	2.07
SCAF_511	16849	526	31.22	0	263	7	12	0.58
SCAF_512	16807	588	34.99	0	294	4	19	0.21
SCAF_513	16787	68	4.05	0	34	0	0	0
SCAF_514	16784	978	58.27	0	489	12	26	0.46
SCAF_515	16776	1518	90.49	0	759	19	51	0.37
SCAF_516	16745	108	6.45	0	54	2	2	1.00
SCAF_517	16741	686	40.98	0	343	1	6	0.17
SCAF_518	16733	1082	64.66	0	541	26	15	1.73
SCAF_519	16710	892	53.38	0	446	3	11	0.27
SCAF_52	66855	2352	35.18	0	1176	70	61	1.15
SCAF_520	16702	164	9.82	0	82	0	2	0.00
SCAF_521	16701	654	39.16	0	327	9	11	0.82
SCAF_522	16645	210	12.62	0	105	2	2	1.00
SCAF_523	16623	934	56.19	0	467	15	26	0.58
SCAF_524	16568	330	19.92	0	165	0	2	0.00
SCAF_525	16548	266	16.07	0	133	3	3	1.00
SCAF_526	16541	470	28.41	0	235	5	13	0.38
SCAF_527	16518	56	3.39	0	28	0	2	0.00
SCAF_528	16510	666	40.34	0	333	1	20	0.05
SCAF_529	16492	564	34.20	0	282	10	6	1.67
SCAF_53	65552	1902	29.02	0	951	43	33	1.30
SCAF_530	16462	276	16.77	0	138	2	9	0.22
SCAF_531	16461	94	5.71	0	47	0	0	0
SCAF_532	16447	750	45.60	0	375	23	14	1.64
SCAF_533	16383	598	36.50	0	299	22	9	2.44
SCAF_534	16345	510	31.20	0	255	3	6	0.50
SCAF_535	16343	202	12.36	0	101	3	2	1.50
SCAF_536	16333	264	16.16	0	132	3	0	0
SCAF_537	16287	710	43.59	0	355	23	16	1.44
SCAF_538	16266	768	47.22	0	384	8	30	0.27
SCAF_539	16246	88	5.42	0	44	0	0	0
SCAF_54	65267	1892	28.99	0	946	64	31	2.06
SCAF_540	16245	450	27.70	0	225	2	5	0.40
SCAF_541	16215	308	18.99	0	154	3	1	3.00
SCAF_542	16208	330	20.36	0	165	1	2	0.50
SCAF_543	16160	490	30.32	0	245	2	8	0.25
SCAF_544	16140	190	11.77	0	95	0	0	0
SCAF_545	16102	486	30.18	0	243	4	9	0.44
SCAF_546	16083	1270	78.97	0	635	16	43	0.37
SCAF_547	16037	188	11.72	0	94	2	3	0.67
SCAF_548	16034	452	28.19	0	226	10	10	1.00
SCAF_549	16030	406	25.33	0	203	11	12	0.92
SCAF_55	65114	3368	51.72	0	1684	85	59	1.44
SCAF_550	16027	124	7.74	0	62	0	0	0
SCAF_551	15990	594	37.15	0	297	12	10	1.20
SCAF_552	15913	838	52.66	0	419	31	23	1.35
SCAF_553	15906	104	6.54	0	52	1	2	0.50
SCAF_554	15898	716	45.04	0	358	6	14	0.43
SCAF_555	15891	294	18.50	0	147	3	9	0.33
SCAF_556	15885	708	44.57	0	354	6	18	0.33
SCAF_557	15855	444	28.00	0	222	6	6	1.00
SCAF_558	15839	512	32.33	0	256	4	9	0.44
SCAF_559	15827	982	62.05	0	491	20	36	0.56
SCAF_56	62812	1794	28.56	0	897	31	30	1.03
SCAF_560	15823	422	26.67	0	211	14	3	4.67
SCAF_561	15791	1366	86.50	0	683	18	40	0.45
SCAF_562	15777	54	3.42	0	27	1	0	0
SCAF_563	15776	540	34.23	0	270	12	14	0.86
SCAF_564	15761	822	52.15	0	411	7	26	0.27
SCAF_565	15717	578	36.78	0	289	6	17	0.35
SCAF_566	15706	98	6.24	0	49	0	1	0.00
SCAF_567	15696	822	52.37	0	411	10	12	0.83
SCAF_568	15657	1086	69.36	0	543	14	34	0.41
SCAF_569	15650	40	2.56	0	20	0	0	0
SCAF_57	62187	1724	27.72	0	862	37	43	0.86
SCAF_570	15646	168	10.74	0	84	0	1	0.00
SCAF_571	15619	84	5.38	0	42	0	0	0
SCAF_572	15612	400	25.62	0	200	3	7	0.43
SCAF_573	15605	368	23.58	0	184	6	4	1.50
SCAF_574	15575	224	14.38	0	112	2	4	0.50
SCAF_575	15573	246	15.80	0	123	0	1	0.00
SCAF_576	15571	964	61.91	0	482	10	18	0.56
SCAF_577	15544	248	15.95	0	124	1	5	0.20
SCAF_578	15521	52	3.35	0	26	0	0	0
SCAF_579	15497	444	28.65	0	222	4	2	2.00
SCAF_58	61544	4498	73.09	0	2249	77	135	0.57
SCAF_580	15481	490	31.65	0	245	5	10	0.50
SCAF_581	15458	426	27.56	0	213	14	4	3.50
SCAF_582	15439	520	33.68	0	260	10	14	0.71
SCAF_583	15421	344	22.31	0	172	9	1	9.00
SCAF_584	15337	416	27.12	0	208	0	0	0
SCAF_585	15336	230	15.00	0	115	3	1	3.00
SCAF_586	15301	1156	75.55	0	578	18	34	0.53
SCAF_587	15300	1594	104.18	0	797	78	24	3.25
SCAF_588	15298	404	26.41	0	202	2	14	0.14
SCAF_589	15238	562	36.88	0	281	16	8	2.00
SCAF_59	61533	1412	22.95	0	706	34	26	1.31
SCAF_590	15205	614	40.38	0	307	9	12	0.75
SCAF_591	15162	742	48.94	0	371	23	19	1.21
SCAF_592	15154	186	12.27	0	93	0	1	0.00
SCAF_593	15087	698	46.26	0	349	7	24	0.29
SCAF_594	15082	654	43.36	0	327	24	13	1.85
SCAF_595	15055	1002	66.56	0	501	33	28	1.18
SCAF_596	15045	124	8.24	0	62	1	1	1.00
SCAF_597	15030	848	56.42	0	424	9	17	0.53
SCAF_598	15027	292	19.43	0	146	9	4	2.25
SCAF_599	15000	898	59.87	0	449	41	33	1.24
SCAF_6	1976889	0	0.00	0	0	0	0	0
SCAF_60	61411	3092	50.35	0	1546	103	46	2.24
SCAF_600	14995	330	22.01	0	165	4	6	0.67
SCAF_601	14985	450	30.03	0	225	10	11	0.91
SCAF_602	14930	856	57.33	0	428	9	24	0.38
SCAF_603	14898	426	28.59	0	213	3	14	0.21
SCAF_604	14863	806	54.23	0	403	8	22	0.36
SCAF_605	14840	188	12.67	0	94	1	0	0
SCAF_606	14808	90	6.08	0	45	0	0	0
SCAF_607	14807	948	64.02	0	474	24	17	1.41
SCAF_608	14785	514	34.76	0	257	7	14	0.50
SCAF_609	14742	176	11.94	0	88	2	2	1.00
SCAF_61	61115	3340	54.65	0	1670	132	99	1.33
SCAF_610	14738	672	45.60	0	336	6	17	0.35
SCAF_611	14737	606	41.12	0	303	18	12	1.50
SCAF_612	14712	6	0.41	0	3	0	0	0
SCAF_613	14708	374	25.43	0	187	14	10	1.40
SCAF_614	14694	362	24.64	0	181	3	0	0
SCAF_615	14684	226	15.39	0	113	0	4	0.00
SCAF_616	14676	42	2.86	0	21	0	0	0
SCAF_617	14662	342	23.33	0	171	7	8	0.88
SCAF_618	14658	848	57.85	0	424	9	17	0.53
SCAF_619	14650	578	39.45	0	289	10	4	2.50
SCAF_62	59972	1708	28.48	0	854	14	6	2.33
SCAF_620	14639	268	18.31	0	134	2	4	0.50
SCAF_621	14614	574	39.28	0	287	9	24	0.38
SCAF_622	14596	428	29.32	0	214	6	8	0.75
SCAF_623	14590	476	32.63	0	238	7	5	1.40
SCAF_624	14581	78	5.35	0	39	0	0	0
SCAF_625	14547	342	23.51	0	171	5	6	0.83
SCAF_626	14527	508	34.97	0	254	5	7	0.71
SCAF_627	14523	472	32.50	0	236	3	5	0.60
SCAF_628	14498	284	19.59	0	142	1	5	0.20
SCAF_629	14453	294	20.34	0	147	5	2	2.50
SCAF_63	59743	5030	84.19	0	2515	99	83	1.19
SCAF_630	14414	262	18.18	0	131	3	6	0.50
SCAF_631	14395	186	12.92	0	93	3	3	1.00
SCAF_632	14385	550	38.23	0	275	4	15	0.27
SCAF_633	14371	296	20.60	0	148	2	0	0
SCAF_634	14371	400	27.83	0	200	2	7	0.29
SCAF_635	14280	742	51.96	0	371	13	7	1.86
SCAF_636	14276	460	32.22	0	230	4	5	0.80
SCAF_637	14236	824	57.88	0	412	19	21	0.90
SCAF_638	14229	834	58.61	0	417	9	27	0.33
SCAF_639	14202	50	3.52	0	25	1	0	0
SCAF_64	58841	1294	21.99	0	647	27	12	2.25
SCAF_640	14111	312	22.11	0	156	8	4	2.00
SCAF_641	14088	1122	79.64	0	561	15	32	0.47
SCAF_642	14005	1054	75.26	0	527	11	40	0.28
SCAF_643	13977	30	2.15	0	15	0	0	0
SCAF_644	13890	288	20.73	0	144	1	2	0.50
SCAF_645	13875	1058	76.25	0	529	20	31	0.65
SCAF_646	13874	776	55.93	0	388	26	21	1.24
SCAF_647	13848	560	40.44	0	280	9	15	0.60
SCAF_648	13847	686	49.54	0	343	10	10	1.00
SCAF_649	13838	406	29.34	0	203	7	13	0.54
SCAF_65	58838	1686	28.65	0	843	35	15	2.33
SCAF_650	13812	406	29.39	0	203	2	5	0.40
SCAF_651	13758	514	37.36	0	257	14	11	1.27
SCAF_652	13727	404	29.43	0	202	2	2	1.00
SCAF_653	13703	250	18.24	0	125	4	2	2.00
SCAF_654	13701	90	6.57	0	45	0	0	0
SCAF_655	13677	204	14.92	0	102	2	2	1.00
SCAF_656	13622	722	53.00	0	361	10	14	0.71
SCAF_657	13584	226	16.64	0	113	1	0	0
SCAF_658	13583	938	69.06	0	469	11	33	0.33
SCAF_659	13535	1272	93.98	0	636	15	23	0.65
SCAF_66	58483	1428	24.42	0	714	31	12	2.58
SCAF_660	13535	62	4.58	0	31	0	0	0
SCAF_661	13499	424	31.41	0	212	4	5	0.80
SCAF_662	13464	124	9.21	0	62	1	0	0
SCAF_663	13438	264	19.65	0	132	7	4	1.75
SCAF_664	13385	28	2.09	0	14	0	0	0
SCAF_665	13357	86	6.44	0	43	0	0	0
SCAF_666	13330	726	54.46	0	363	8	23	0.35
SCAF_667	13327	426	31.97	0	213	8	6	1.33
SCAF_668	13319	212	15.92	0	106	3	3	1.00
SCAF_669	13303	650	48.86	0	325	14	5	2.80
SCAF_67	57162	1404	24.56	0	702	34	28	1.21
SCAF_670	13293	1274	95.84	0	637	14	48	0.29
SCAF_671	13288	824	62.01	0	412	19	13	1.46
SCAF_672	13266	258	19.45	0	129	4	7	0.57
SCAF_673	13189	180	13.65	0	90	1	0	0
SCAF_674	13149	700	53.24	0	350	12	15	0.80
SCAF_675	13128	682	51.95	0	341	20	14	1.43
SCAF_676	13120	486	37.04	0	243	14	8	1.75
SCAF_677	13080	726	55.50	0	363	7	13	0.54
SCAF_678	13050	110	8.43	0	55	1	2	0.50
SCAF_679	13043	282	21.62	0	141	3	3	1.00
SCAF_68	56404	1300	23.05	0	650	34	10	3.40
SCAF_680	13008	528	40.59	0	264	7	5	1.40
SCAF_681	13001	176	13.54	0	88	2	0	0
SCAF_682	12997	806	62.01	0	403	21	13	1.62
SCAF_683	12986	468	36.04	0	234	5	11	0.45
SCAF_684	12871	316	24.55	0	158	0	1	0.00
SCAF_685	12842	212	16.51	0	106	0	0	0
SCAF_686	12830	134	10.44	0	67	0	1	0.00
SCAF_687	12781	590	46.16	0	295	4	13	0.31
SCAF_688	12768	442	34.62	0	221	12	9	1.33
SCAF_689	12768	572	44.80	0	286	9	19	0.47
SCAF_69	55942	3140	56.13	0	1570	40	81	0.49
SCAF_690	12764	508	39.80	0	254	4	4	1.00
SCAF_691	12677	214	16.88	0	107	2	2	1.00
SCAF_692	12675	56	4.42	0	28	0	0	0
SCAF_693	12651	162	12.81	0	81	2	2	1.00
SCAF_694	12646	126	9.96	0	63	0	1	0.00
SCAF_695	12643	542	42.87	0	271	20	10	2.00
SCAF_696	12633	410	32.45	0	205	4	5	0.80
SCAF_697	12625	606	48.00	0	303	6	12	0.50
SCAF_698	12617	866	68.64	0	433	23	17	1.35
SCAF_699	12540	176	14.04	0	88	2	5	0.40
SCAF_7	1932263	0	0.00	0	0	0	0	0
SCAF_70	55722	3306	59.33	0	1653	129	94	1.37
SCAF_700	12515	82	6.55	0	41	0	0	0
SCAF_701	12482	94	7.53	0	47	0	1	0.00
SCAF_702	12461	368	29.53	0	184	7	11	0.64
SCAF_703	12456	550	44.16	0	275	24	7	3.43
SCAF_704	12456	120	9.63	0	60	0	1	0.00
SCAF_705	12358	142	11.49	0	71	2	1	2.00
SCAF_706	12350	812	65.75	0	406	23	24	0.96
SCAF_707	12343	132	10.69	0	66	2	0	0
SCAF_708	12333	52	4.22	0	26	0	0	0
SCAF_709	12319	48	3.90	0	24	0	2	0.00
SCAF_71	55604	3190	57.37	0	1595	113	99	1.14
SCAF_710	12288	220	17.90	0	110	0	1	0.00
SCAF_711	12252	750	61.21	0	375	27	20	1.35
SCAF_712	12218	1086	88.89	0	543	35	36	0.97
SCAF_713	12177	698	57.32	0	349	26	18	1.44
SCAF_714	12167	352	28.93	0	176	5	3	1.67
SCAF_715	12163	84	6.91	0	42	0	1	0.00
SCAF_716	12143	390	32.12	0	195	4	14	0.29
SCAF_717	12102	76	6.28	0	38	0	0	0
SCAF_718	12099	332	27.44	0	166	7	7	1.00
SCAF_719	12095	338	27.95	0	169	1	5	0.20
SCAF_72	54709	1292	23.62	0	646	5	31	0.16
SCAF_720	12085	382	31.61	0	191	4	9	0.44
SCAF_721	12078	254	21.03	0	127	2	2	1.00
SCAF_722	12066	284	23.54	0	142	6	0	0
SCAF_723	12015	898	74.74	0	449	11	17	0.65
SCAF_724	12004	512	42.65	0	256	7	9	0.78
SCAF_725	11949	460	38.50	0	230	6	12	0.50
SCAF_726	11911	220	18.47	0	110	2	1	2.00
SCAF_727	11900	198	16.64	0	99	0	2	0.00
SCAF_728	11869	456	38.42	0	228	5	9	0.56
SCAF_729	11788	886	75.16	0	443	26	17	1.53
SCAF_73	52157	1314	25.19	0	657	12	39	0.31
SCAF_730	11785	772	65.51	0	386	23	20	1.15
SCAF_731	11750	606	51.57	0	303	7	20	0.35
SCAF_732	11699	250	21.37	0	125	4	4	1.00
SCAF_733	11674	110	9.42	0	55	0	0	0
SCAF_734	11658	316	27.11	0	158	2	7	0.29
SCAF_735	11648	496	42.58	0	248	8	8	1.00
SCAF_736	11642	756	64.94	0	378	9	28	0.32
SCAF_737	11612	58	4.99	0	29	0	0	0
SCAF_738	11595	44	3.79	0	22	1	0	0
SCAF_739	11525	1486	128.94	0	743	25	24	1.04
SCAF_74	52077	2908	55.84	0	1454	98	78	1.26
SCAF_740	11505	682	59.28	0	341	7	24	0.29
SCAF_741	11492	400	34.81	0	200	3	5	0.60
SCAF_742	11467	12	1.05	0	6	0	0	0
SCAF_743	11404	48	4.21	0	24	1	0	0
SCAF_744	11377	464	40.78	0	232	3	7	0.43
SCAF_745	11364	358	31.50	0	179	4	11	0.36
SCAF_746	11318	270	23.86	0	135	2	3	0.67
SCAF_747	11311	566	50.04	0	283	7	1	7.00
SCAF_748	11306	274	24.23	0	137	4	7	0.57
SCAF_749	11299	232	20.53	0	116	5	4	1.25
SCAF_75	51185	1708	33.37	0	854	44	33	1.33
SCAF_750	11284	230	20.38	0	115	2	3	0.67
SCAF_751	11276	266	23.59	0	133	2	2	1.00
SCAF_752	11267	128	11.36	0	64	0	1	0.00
SCAF_753	11254	214	19.02	0	107	3	5	0.60
SCAF_754	11236	878	78.14	0	439	13	17	0.76
SCAF_755	11231	330	29.38	0	165	1	1	1.00
SCAF_756	11200	550	49.11	0	275	15	17	0.88
SCAF_757	11195	366	32.69	0	183	8	10	0.80
SCAF_758	11126	240	21.57	0	120	2	0	0
SCAF_759	11118	486	43.71	0	243	5	8	0.62
SCAF_76	50428	204	4.05	0	102	1	2	0.50
SCAF_760	11100	164	14.77	0	82	1	9	0.11
SCAF_761	11097	222	20.01	0	111	3	3	1.00
SCAF_762	11029	136	12.33	0	68	2	1	2.00
SCAF_763	11019	172	15.61	0	86	2	0	0
SCAF_764	10979	682	62.12	0	341	11	6	1.83
SCAF_765	10957	18	1.64	0	9	0	0	0
SCAF_766	10940	452	41.32	0	226	5	8	0.62
SCAF_767	10913	156	14.29	0	78	5	2	2.50
SCAF_768	10886	344	31.60	0	172	9	6	1.50
SCAF_769	10867	164	15.09	0	82	0	4	0.00
SCAF_77	50384	210	4.17	0	105	7	2	3.50
SCAF_770	10816	196	18.12	0	98	0	3	0.00
SCAF_771	10810	64	5.92	0	32	0	0	0
SCAF_772	10709	196	18.30	0	98	3	4	0.75
SCAF_773	10688	736	68.86	0	368	15	19	0.79
SCAF_774	10648	376	35.31	0	188	5	8	0.62
SCAF_775	10642	24	2.26	0	12	0	0	0
SCAF_776	10612	126	11.87	0	63	0	3	0.00
SCAF_777	10608	496	46.76	0	248	10	8	1.25
SCAF_778	10604	506	47.72	0	253	10	4	2.50
SCAF_779	10578	164	15.50	0	82	0	1	0.00
SCAF_78	49366	3324	67.33	0	1662	90	83	1.08
SCAF_780	10571	14	1.32	0	7	0	0	0
SCAF_781	10511	126	11.99	0	63	2	4	0.50
SCAF_782	10492	42	4.00	0	21	0	0	0
SCAF_783	10421	488	46.83	0	244	5	21	0.24
SCAF_784	10379	418	40.27	0	209	12	12	1.00
SCAF_785	10337	480	46.44	0	240	8	10	0.80
SCAF_786	10326	370	35.83	0	185	5	4	1.25
SCAF_787	10326	140	13.56	0	70	2	1	2.00
SCAF_788	10316	200	19.39	0	100	2	2	1.00
SCAF_789	10256	8	0.78	0	4	0	0	0
SCAF_79	49160	1158	23.56	0	579	24	10	2.40
SCAF_790	10228	240	23.46	0	120	3	1	3.00
SCAF_791	10185	578	56.75	0	289	8	13	0.62
SCAF_792	10184	418	41.04	0	209	8	10	0.80
SCAF_793	10160	160	15.75	0	80	5	2	2.50
SCAF_794	10147	58	5.72	0	29	0	0	0
SCAF_795	10110	56	5.54	0	28	0	0	0
SCAF_796	10045	30	2.99	0	15	0	0	0
SCAF_797	10015	244	24.36	0	122	2	3	0.67
SCAF_798	10012	520	51.94	0	260	6	10	0.60
SCAF_799	9978	164	16.44	0	82	1	2	0.50
SCAF_8	1669080	0	0.00	0	0	0	0	0
SCAF_80	48966	3734	76.26	0	1867	91	93	0.98
SCAF_800	9947	362	36.39	0	181	13	4	3.25
SCAF_801	9941	448	45.07	0	224	8	7	1.14
SCAF_802	9910	20	2.02	0	10	0	0	0
SCAF_803	9879	454	45.96	0	227	5	2	2.50
SCAF_804	9861	368	37.32	0	184	18	11	1.64
SCAF_805	9859	102	10.35	0	51	0	0	0
SCAF_806	9855	888	90.11	0	444	16	24	0.67
SCAF_807	9792	248	25.33	0	124	2	5	0.40
SCAF_808	9784	494	50.49	0	247	3	11	0.27
SCAF_809	9773	160	16.37	0	80	3	1	3.00
SCAF_81	48848	900	18.42	0	450	7	19	0.37
SCAF_810	9756	156	15.99	0	78	0	0	0
SCAF_811	9753	584	59.88	0	292	5	8	0.62
SCAF_812	9719	122	12.55	0	61	0	0	0
SCAF_813	9715	182	18.73	0	91	2	2	1.00
SCAF_814	9708	346	35.64	0	173	4	9	0.44
SCAF_815	9700	274	28.25	0	137	2	2	1.00
SCAF_816	9673	266	27.50	0	133	5	5	1.00
SCAF_817	9638	498	51.67	0	249	3	10	0.30
SCAF_818	9601	326	33.95	0	163	2	16	0.12
SCAF_819	9601	526	54.79	0	263	7	10	0.70
SCAF_82	48542	1504	30.98	0	752	26	19	1.37
SCAF_820	9550	20	2.09	0	10	0	0	0
SCAF_821	9533	270	28.32	0	135	1	4	0.25
SCAF_822	9498	384	40.43	0	192	3	4	0.75
SCAF_823	9466	0	0.00	0	0	0	0	0
SCAF_824	9457	106	11.21	0	53	0	1	0.00
SCAF_825	9446	216	22.87	0	108	4	1	4.00
SCAF_826	9385	396	42.19	0	198	7	6	1.17
SCAF_827	9376	296	31.57	0	148	4	4	1.00
SCAF_828	9365	114	12.17	0	57	3	0	0
SCAF_829	9320	224	24.03	0	112	3	2	1.50
SCAF_83	48542	2046	42.15	0	1023	8	43	0.19
SCAF_830	9303	238	25.58	0	119	4	3	1.33
SCAF_831	9295	86	9.25	0	43	2	0	0
SCAF_832	9282	472	50.85	0	236	6	10	0.60
SCAF_833	9263	80	8.64	0	40	0	0	0
SCAF_834	9159	464	50.66	0	232	2	3	0.67
SCAF_835	9159	770	84.07	0	385	9	37	0.24
SCAF_836	9157	462	50.45	0	231	9	15	0.60
SCAF_837	9095	64	7.04	0	32	0	0	0
SCAF_838	9078	372	40.98	0	186	9	4	2.25
SCAF_839	9057	218	24.07	0	109	9	1	9.00
SCAF_84	47775	1446	30.27	0	723	23	25	0.92
SCAF_840	9014	294	32.62	0	147	2	1	2.00
SCAF_841	8986	532	59.20	0	266	11	7	1.57
SCAF_842	8986	14	1.56	0	7	0	0	0
SCAF_843	8952	80	8.94	0	40	0	1	0.00
SCAF_844	8935	332	37.16	0	166	3	1	3.00
SCAF_845	8927	300	33.61	0	150	13	11	1.18
SCAF_846	8908	182	20.43	0	91	1	0	0
SCAF_847	8868	410	46.23	0	205	3	5	0.60
SCAF_848	8867	108	12.18	0	54	0	0	0
SCAF_849	8825	354	40.11	0	177	13	6	2.17
SCAF_85	47318	3482	73.59	0	1741	98	101	0.97
SCAF_850	8771	164	18.70	0	82	2	2	1.00
SCAF_851	8703	710	81.58	0	355	9	28	0.32
SCAF_852	8695	108	12.42	0	54	0	1	0.00
SCAF_853	8662	20	2.31	0	10	0	0	0
SCAF_854	8634	64	7.41	0	32	0	1	0.00
SCAF_855	8630	30	3.48	0	15	0	0	0
SCAF_856	8617	6	0.70	0	3	0	0	0
SCAF_857	8469	550	64.94	0	275	7	8	0.88
SCAF_858	8431	108	12.81	0	54	2	0	0
SCAF_859	8397	100	11.91	0	50	0	0	0
SCAF_86	46994	3180	67.67	0	1590	110	83	1.33
SCAF_860	8390	78	9.30	0	39	1	2	0.50
SCAF_861	8357	52	6.22	0	26	0	0	0
SCAF_862	8342	952	114.12	0	476	20	21	0.95
SCAF_863	8337	44	5.28	0	22	0	0	0
SCAF_864	8258	150	18.16	0	75	1	2	0.50
SCAF_865	8103	162	19.99	0	81	4	5	0.80
SCAF_866	8034	130	16.18	0	65	2	0	0
SCAF_867	8027	232	28.90	0	116	8	7	1.14
SCAF_868	8017	284	35.42	0	142	6	1	6.00
SCAF_869	8015	142	17.72	0	71	2	0	0
SCAF_87	46805	3176	67.86	0	1588	132	74	1.78
SCAF_870	8015	280	34.93	0	140	1	5	0.20
SCAF_871	8000	24	3.00	0	12	0	0	0
SCAF_872	7790	178	22.85	0	89	5	4	1.25
SCAF_873	7773	20	2.57	0	10	1	0	0
SCAF_874	7763	384	49.47	0	192	7	11	0.64
SCAF_875	7721	116	15.02	0	58	0	0	0
SCAF_876	7701	216	28.05	0	108	4	5	0.80
SCAF_877	7680	18	2.34	0	9	0	0	0
SCAF_878	7622	290	38.05	0	145	7	5	1.40
SCAF_879	7582	124	16.35	0	62	0	0	0
SCAF_88	46738	3778	80.83	0	1889	35	128	0.27
SCAF_880	7559	210	27.78	0	105	7	5	1.40
SCAF_881	7416	968	130.53	0	484	26	11	2.36
SCAF_882	7394	478	64.65	0	239	10	8	1.25
SCAF_883	7363	204	27.71	0	102	2	2	1.00
SCAF_884	7338	406	55.33	0	203	4	21	0.19
SCAF_885	7324	86	11.74	0	43	0	1	0.00
SCAF_886	7276	52	7.15	0	26	0	0	0
SCAF_887	7242	84	11.60	0	42	1	3	0.33
SCAF_888	7231	166	22.96	0	83	0	0	0
SCAF_889	7198	4	0.56	0	2	0	0	0
SCAF_89	46547	2094	44.99	0	1047	58	59	0.98
SCAF_890	7142	204	28.56	0	102	2	1	2.00
SCAF_891	7028	194	27.60	0	97	5	2	2.50
SCAF_892	7025	236	33.59	0	118	3	1	3.00
SCAF_893	7015	176	25.09	0	88	0	3	0.00
SCAF_894	6958	340	48.86	0	170	3	12	0.25
SCAF_895	6948	282	40.59	0	141	1	4	0.25
SCAF_896	6829	8	1.17	0	4	0	0	0
SCAF_897	6804	126	18.52	0	63	1	3	0.33
SCAF_898	6754	992	146.88	0	496	54	18	3.00
SCAF_899	6732	378	56.15	0	189	6	10	0.60
SCAF_9	1646134	0	0.00	0	0	0	0	0
SCAF_90	46221	1314	28.43	0	657	17	16	1.06
SCAF_900	6698	180	26.87	0	90	4	1	4.00
SCAF_901	6642	100	15.06	0	50	0	2	0.00
SCAF_902	6588	362	54.95	0	181	9	5	1.80
SCAF_903	6549	278	42.45	0	139	5	3	1.67
SCAF_904	6496	340	52.34	0	170	4	4	1.00
SCAF_905	6483	6	0.93	0	3	0	0	0
SCAF_906	6367	54	8.48	0	27	0	0	0
SCAF_907	6367	176	27.64	0	88	2	4	0.50
SCAF_908	6228	68	10.92	0	34	0	2	0.00
SCAF_909	6173	178	28.84	0	89	10	4	2.50
SCAF_91	44916	2762	61.49	0	1381	91	70	1.30
SCAF_910	6170	30	4.86	0	15	0	1	0.00
SCAF_911	6077	0	0.00	0	0	0	0	0
SCAF_912	6073	0	0.00	0	0	0	0	0
SCAF_913	6059	0	0.00	0	0	0	0	0
SCAF_914	6001	0	0.00	0	0	0	0	0
SCAF_915	5869	0	0.00	0	0	0	0	0
SCAF_916	5803	0	0.00	0	0	0	0	0
SCAF_917	5661	0	0.00	0	0	0	0	0
SCAF_918	5277	0	0.00	0	0	0	0	0
SCAF_92	44616	112	2.51	0	56	1	0	0
SCAF_93	44136	794	17.99	0	397	6	14	0.43
SCAF_94	43913	1288	29.33	0	644	34	19	1.79
SCAF_95	43808	1552	35.43	0	776	22	27	0.81
SCAF_96	43342	1422	32.81	0	711	25	39	0.64
SCAF_97	43038	244	5.67	0	122	1	0	0
SCAF_98	42896	840	19.58	0	420	17	13	1.31
SCAF_99	42178	1324	31.39	0	662	35	34	1.03
Totals	51514314	1126656	21.87	0	563328	27370	24669	1.11
