Chromosome	Length	Total Variants	VarPerKb	SNP	INDEL	Ts	Tv	Ts/Tv
SCAF_1	5574741	0	0.00	0	0	0	0	0
SCAF_10	1570817	0	0.00	0	0	0	0	0
SCAF_100	41993	1708	40.67	854	0	538	316	1.70
SCAF_101	41585	1362	32.75	681	0	453	228	1.99
SCAF_102	41267	18	0.44	9	0	6	3	2.00
SCAF_103	41164	1890	45.91	945	0	546	399	1.37
SCAF_104	40984	1622	39.58	811	0	386	425	0.91
SCAF_105	40971	758	18.50	379	0	295	84	3.51
SCAF_106	40689	1166	28.66	583	0	425	158	2.69
SCAF_107	40038	988	24.68	494	0	371	123	3.02
SCAF_108	39998	1200	30.00	600	0	430	170	2.53
SCAF_109	39904	1680	42.10	840	0	598	242	2.47
SCAF_11	1437752	41166	28.63	20583	0	14981	5602	2.67
SCAF_110	39605	1132	28.58	566	0	454	112	4.05
SCAF_111	39279	1534	39.05	767	0	440	327	1.35
SCAF_112	39164	40	1.02	20	0	18	2	9.00
SCAF_113	39049	1472	37.70	736	0	361	375	0.96
SCAF_114	38983	1454	37.30	727	0	511	216	2.37
SCAF_115	38824	1028	26.48	514	0	410	104	3.94
SCAF_116	37823	1064	28.13	532	0	392	140	2.80
SCAF_117	37728	32	0.85	16	0	10	6	1.67
SCAF_118	37705	1002	26.57	501	0	339	162	2.09
SCAF_119	37514	932	24.84	466	0	333	133	2.50
SCAF_12	978195	29232	29.88	14616	0	10623	3993	2.66
SCAF_120	37456	60	1.60	30	0	13	17	0.76
SCAF_121	37441	4	0.11	2	0	2	0	0
SCAF_122	37347	1116	29.88	558	0	413	145	2.85
SCAF_123	37222	1772	47.61	886	0	272	614	0.44
SCAF_124	36961	1134	30.68	567	0	419	148	2.83
SCAF_125	36710	1564	42.60	782	0	354	428	0.83
SCAF_126	36614	1330	36.32	665	0	413	252	1.64
SCAF_127	36584	958	26.19	479	0	319	160	1.99
SCAF_128	36068	1458	40.42	729	0	500	229	2.18
SCAF_129	35972	1046	29.08	523	0	380	143	2.66
SCAF_13	598471	22940	38.33	11470	0	7879	3591	2.19
SCAF_130	35925	994	27.67	497	0	355	142	2.50
SCAF_131	35704	1444	40.44	722	0	422	300	1.41
SCAF_132	35264	1188	33.69	594	0	433	161	2.69
SCAF_133	35121	30	0.85	15	0	9	6	1.50
SCAF_134	35117	952	27.11	476	0	344	132	2.61
SCAF_135	34903	1684	48.25	842	0	303	539	0.56
SCAF_136	34900	62	1.78	31	0	11	20	0.55
SCAF_137	34765	1480	42.57	740	0	336	404	0.83
SCAF_138	34687	1600	46.13	800	0	515	285	1.81
SCAF_139	34615	938	27.10	469	0	347	122	2.84
SCAF_14	247525	824	3.33	412	0	184	228	0.81
SCAF_140	34599	28	0.81	14	0	6	8	0.75
SCAF_141	34497	938	27.19	469	0	302	167	1.81
SCAF_142	34440	36	1.05	18	0	6	12	0.50
SCAF_143	34384	1534	44.61	767	0	261	506	0.52
SCAF_144	34330	1364	39.73	682	0	316	366	0.86
SCAF_145	34087	1132	33.21	566	0	423	143	2.96
SCAF_146	33692	864	25.64	432	0	298	134	2.22
SCAF_147	33483	54	1.61	27	0	16	11	1.45
SCAF_148	33469	880	26.29	440	0	317	123	2.58
SCAF_149	33420	2	0.06	1	0	0	1	0.00
SCAF_15	224905	5392	23.97	2696	0	1945	751	2.59
SCAF_150	33347	1304	39.10	652	0	466	186	2.51
SCAF_151	33283	1218	36.60	609	0	364	245	1.49
SCAF_152	33266	1506	45.27	753	0	229	524	0.44
SCAF_153	33237	1572	47.30	786	0	433	353	1.23
SCAF_154	33139	1414	42.67	707	0	511	196	2.61
SCAF_155	33127	6	0.18	3	0	1	2	0.50
SCAF_156	32748	1622	49.53	811	0	504	307	1.64
SCAF_157	32666	968	29.63	484	0	288	196	1.47
SCAF_158	32618	1456	44.64	728	0	386	342	1.13
SCAF_159	32358	1432	44.25	716	0	398	318	1.25
SCAF_16	181804	5406	29.74	2703	0	1183	1520	0.78
SCAF_160	32136	1282	39.89	641	0	295	346	0.85
SCAF_161	32035	1096	34.21	548	0	248	300	0.83
SCAF_162	31954	1020	31.92	510	0	387	123	3.15
SCAF_163	31782	1198	37.69	599	0	336	263	1.28
SCAF_164	31669	1500	47.36	750	0	263	487	0.54
SCAF_165	31629	1176	37.18	588	0	429	159	2.70
SCAF_166	31581	1214	38.44	607	0	379	228	1.66
SCAF_167	31556	1356	42.97	678	0	437	241	1.81
SCAF_168	31421	1250	39.78	625	0	295	330	0.89
SCAF_169	31314	1446	46.18	723	0	185	538	0.34
SCAF_17	176395	6336	35.92	3168	0	2278	890	2.56
SCAF_170	31127	1440	46.26	720	0	446	274	1.63
SCAF_171	31061	34	1.09	17	0	4	13	0.31
SCAF_172	31059	1082	34.84	541	0	301	240	1.25
SCAF_173	30866	1178	38.16	589	0	373	216	1.73
SCAF_174	30739	28	0.91	14	0	4	10	0.40
SCAF_175	30330	1162	38.31	581	0	453	128	3.54
SCAF_176	30301	434	14.32	217	0	144	73	1.97
SCAF_177	30226	744	24.61	372	0	285	87	3.28
SCAF_178	30187	1092	36.17	546	0	385	161	2.39
SCAF_179	30183	1152	38.17	576	0	274	302	0.91
SCAF_18	160122	5282	32.99	2641	0	1941	700	2.77
SCAF_180	30131	1280	42.48	640	0	487	153	3.18
SCAF_181	30071	1122	37.31	561	0	400	161	2.48
SCAF_182	30032	1228	40.89	614	0	407	207	1.97
SCAF_183	30005	472	15.73	236	0	159	77	2.06
SCAF_184	29541	1270	42.99	635	0	430	205	2.10
SCAF_185	29415	1126	38.28	563	0	405	158	2.56
SCAF_186	29375	1260	42.89	630	0	313	317	0.99
SCAF_187	29360	652	22.21	326	0	208	118	1.76
SCAF_188	29327	830	28.30	415	0	293	122	2.40
SCAF_189	29236	1026	35.09	513	0	364	149	2.44
SCAF_19	139354	2756	19.78	1378	0	1127	251	4.49
SCAF_190	29216	1184	40.53	592	0	381	211	1.81
SCAF_191	29200	1372	46.99	686	0	414	272	1.52
SCAF_192	29083	112	3.85	56	0	37	19	1.95
SCAF_193	29081	1116	38.38	558	0	382	176	2.17
SCAF_194	28863	116	4.02	58	0	45	13	3.46
SCAF_195	28688	1268	44.20	634	0	407	227	1.79
SCAF_196	28688	1298	45.25	649	0	382	267	1.43
SCAF_197	28670	770	26.86	385	0	264	121	2.18
SCAF_198	28585	476	16.65	238	0	175	63	2.78
SCAF_199	28585	1018	35.61	509	0	373	136	2.74
SCAF_2	4079479	0	0.00	0	0	0	0	0
SCAF_20	131876	3454	26.19	1727	0	1259	468	2.69
SCAF_200	28563	1150	40.26	575	0	271	304	0.89
SCAF_201	28551	1284	44.97	642	0	416	226	1.84
SCAF_202	28219	948	33.59	474	0	212	262	0.81
SCAF_203	28217	808	28.64	404	0	319	85	3.75
SCAF_204	28187	1568	55.63	784	0	487	297	1.64
SCAF_205	28138	1426	50.68	713	0	205	508	0.40
SCAF_206	28111	800	28.46	400	0	197	203	0.97
SCAF_207	27959	1034	36.98	517	0	356	161	2.21
SCAF_208	27935	38	1.36	19	0	7	12	0.58
SCAF_209	27830	1014	36.44	507	0	244	263	0.93
SCAF_21	130124	3342	25.68	1671	0	1205	466	2.59
SCAF_210	27781	1350	48.59	675	0	260	415	0.63
SCAF_211	27774	1002	36.08	501	0	357	144	2.48
SCAF_212	27772	678	24.41	339	0	229	110	2.08
SCAF_213	27728	772	27.84	386	0	291	95	3.06
SCAF_214	27690	1078	38.93	539	0	243	296	0.82
SCAF_215	27659	4	0.14	2	0	1	1	1.00
SCAF_216	27637	628	22.72	314	0	241	73	3.30
SCAF_217	27634	1080	39.08	540	0	366	174	2.10
SCAF_218	27594	768	27.83	384	0	259	125	2.07
SCAF_219	27563	1196	43.39	598	0	334	264	1.27
SCAF_22	121580	3886	31.96	1943	0	1353	590	2.29
SCAF_220	27545	750	27.23	375	0	268	107	2.50
SCAF_221	27530	1126	40.90	563	0	262	301	0.87
SCAF_222	27515	944	34.31	472	0	329	143	2.30
SCAF_223	27476	1206	43.89	603	0	351	252	1.39
SCAF_224	27450	1218	44.37	609	0	344	265	1.30
SCAF_225	27344	1342	49.08	671	0	484	187	2.59
SCAF_226	27270	490	17.97	245	0	163	82	1.99
SCAF_227	27232	1220	44.80	610	0	366	244	1.50
SCAF_228	27189	1182	43.47	591	0	330	261	1.26
SCAF_229	27037	856	31.66	428	0	291	137	2.12
SCAF_23	117381	3274	27.89	1637	0	1171	466	2.51
SCAF_230	26948	966	35.85	483	0	373	110	3.39
SCAF_231	26899	988	36.73	494	0	217	277	0.78
SCAF_232	26856	1030	38.35	515	0	250	265	0.94
SCAF_233	26767	1272	47.52	636	0	462	174	2.66
SCAF_234	26700	26	0.97	13	0	8	5	1.60
SCAF_235	26660	20	0.75	10	0	4	6	0.67
SCAF_236	26499	1220	46.04	610	0	146	464	0.31
SCAF_237	26482	270	10.20	135	0	90	45	2.00
SCAF_238	26369	1176	44.60	588	0	318	270	1.18
SCAF_239	26171	960	36.68	480	0	209	271	0.77
SCAF_24	115879	4172	36.00	2086	0	1505	581	2.59
SCAF_240	26148	1170	44.75	585	0	389	196	1.98
SCAF_241	26131	1030	39.42	515	0	353	162	2.18
SCAF_242	26114	1074	41.13	537	0	139	398	0.35
SCAF_243	26085	1044	40.02	522	0	281	241	1.17
SCAF_244	26060	1492	57.25	746	0	450	296	1.52
SCAF_245	25968	944	36.35	472	0	243	229	1.06
SCAF_246	25946	24	0.92	12	0	4	8	0.50
SCAF_247	25940	884	34.08	442	0	303	139	2.18
SCAF_248	25895	924	35.68	462	0	281	181	1.55
SCAF_249	25885	1184	45.74	592	0	258	334	0.77
SCAF_25	115495	4176	36.16	2088	0	1381	707	1.95
SCAF_250	25884	568	21.94	284	0	212	72	2.94
SCAF_251	25874	1176	45.45	588	0	417	171	2.44
SCAF_252	25864	942	36.42	471	0	291	180	1.62
SCAF_253	25825	958	37.10	479	0	252	227	1.11
SCAF_254	25798	1204	46.67	602	0	381	221	1.72
SCAF_255	25728	1328	51.62	664	0	479	185	2.59
SCAF_256	25725	1040	40.43	520	0	311	209	1.49
SCAF_257	25720	302	11.74	151	0	110	41	2.68
SCAF_258	25700	1144	44.51	572	0	363	209	1.74
SCAF_259	25645	968	37.75	484	0	318	166	1.92
SCAF_26	113072	2544	22.50	1272	0	912	360	2.53
SCAF_260	25595	956	37.35	478	0	337	141	2.39
SCAF_261	25593	968	37.82	484	0	226	258	0.88
SCAF_262	25592	982	38.37	491	0	282	209	1.35
SCAF_263	25481	726	28.49	363	0	257	106	2.42
SCAF_264	25444	956	37.57	478	0	331	147	2.25
SCAF_265	25436	1274	50.09	637	0	257	380	0.68
SCAF_266	25377	680	26.80	340	0	253	87	2.91
SCAF_267	25340	800	31.57	400	0	294	106	2.77
SCAF_268	25329	1300	51.32	650	0	383	267	1.43
SCAF_269	25264	1134	44.89	567	0	354	213	1.66
SCAF_27	110609	2244	20.29	1122	0	881	241	3.66
SCAF_270	25225	1192	47.25	596	0	246	350	0.70
SCAF_271	25206	1086	43.08	543	0	307	236	1.30
SCAF_272	25161	634	25.20	317	0	215	102	2.11
SCAF_273	25090	1032	41.13	516	0	325	191	1.70
SCAF_274	24834	1258	50.66	629	0	314	315	1.00
SCAF_275	24832	644	25.93	322	0	220	102	2.16
SCAF_276	24811	672	27.08	336	0	258	78	3.31
SCAF_277	24713	488	19.75	244	0	179	65	2.75
SCAF_278	24673	1220	49.45	610	0	202	408	0.50
SCAF_279	24542	902	36.75	451	0	235	216	1.09
SCAF_28	109542	2988	27.28	1494	0	1160	334	3.47
SCAF_280	24528	1114	45.42	557	0	359	198	1.81
SCAF_281	24435	800	32.74	400	0	244	156	1.56
SCAF_282	24359	1178	48.36	589	0	353	236	1.50
SCAF_283	24173	760	31.44	380	0	288	92	3.13
SCAF_284	24152	18	0.75	9	0	5	4	1.25
SCAF_285	24110	1034	42.89	517	0	316	201	1.57
SCAF_286	24066	680	28.26	340	0	224	116	1.93
SCAF_287	23981	796	33.19	398	0	241	157	1.54
SCAF_288	23980	1100	45.87	550	0	289	261	1.11
SCAF_289	23950	1014	42.34	507	0	333	174	1.91
SCAF_29	108319	3000	27.70	1500	0	1138	362	3.14
SCAF_290	23945	914	38.17	457	0	305	152	2.01
SCAF_291	23886	824	34.50	412	0	244	168	1.45
SCAF_292	23860	574	24.06	287	0	183	104	1.76
SCAF_293	23814	852	35.78	426	0	196	230	0.85
SCAF_294	23796	996	41.86	498	0	145	353	0.41
SCAF_295	23767	866	36.44	433	0	210	223	0.94
SCAF_296	23762	1110	46.71	555	0	313	242	1.29
SCAF_297	23695	556	23.46	278	0	222	56	3.96
SCAF_298	23666	872	36.85	436	0	249	187	1.33
SCAF_299	23648	972	41.10	486	0	358	128	2.80
SCAF_3	3666439	0	0.00	0	0	0	0	0
SCAF_30	107902	5738	53.18	2869	0	1945	924	2.10
SCAF_300	23643	4	0.17	2	0	2	0	0
SCAF_301	23638	1092	46.20	546	0	408	138	2.96
SCAF_302	23633	1058	44.77	529	0	129	400	0.32
SCAF_303	23629	888	37.58	444	0	201	243	0.83
SCAF_304	23571	642	27.24	321	0	252	69	3.65
SCAF_305	23555	636	27.00	318	0	235	83	2.83
SCAF_306	23322	456	19.55	228	0	162	66	2.45
SCAF_307	23295	1050	45.07	525	0	170	355	0.48
SCAF_308	23075	0	0.00	0	0	0	0	0
SCAF_309	23057	902	39.12	451	0	210	241	0.87
SCAF_31	106626	3618	33.93	1809	0	1332	477	2.79
SCAF_310	23011	868	37.72	434	0	199	235	0.85
SCAF_311	22999	748	32.52	374	0	238	136	1.75
SCAF_312	22896	940	41.06	470	0	192	278	0.69
SCAF_313	22877	1064	46.51	532	0	397	135	2.94
SCAF_314	22871	28	1.22	14	0	9	5	1.80
SCAF_315	22844	1100	48.15	550	0	383	167	2.29
SCAF_316	22844	1186	51.92	593	0	374	219	1.71
SCAF_317	22833	1262	55.27	631	0	387	244	1.59
SCAF_318	22713	910	40.07	455	0	271	184	1.47
SCAF_319	22685	922	40.64	461	0	288	173	1.66
SCAF_32	102192	3372	33.00	1686	0	1208	478	2.53
SCAF_320	22653	1054	46.53	527	0	306	221	1.38
SCAF_321	22554	1048	46.47	524	0	267	257	1.04
SCAF_322	22539	944	41.88	472	0	219	253	0.87
SCAF_323	22525	680	30.19	340	0	260	80	3.25
SCAF_324	22489	558	24.81	279	0	206	73	2.82
SCAF_325	22468	552	24.57	276	0	201	75	2.68
SCAF_326	22392	2	0.09	1	0	1	0	0
SCAF_327	22337	726	32.50	363	0	216	147	1.47
SCAF_328	22280	4	0.18	2	0	1	1	1.00
SCAF_329	22245	946	42.53	473	0	307	166	1.85
SCAF_33	98221	3034	30.89	1517	0	1076	441	2.44
SCAF_330	22040	836	37.93	418	0	256	162	1.58
SCAF_331	22029	840	38.13	420	0	238	182	1.31
SCAF_332	21923	926	42.24	463	0	241	222	1.09
SCAF_333	21867	916	41.89	458	0	362	96	3.77
SCAF_334	21813	882	40.43	441	0	228	213	1.07
SCAF_335	21800	678	31.10	339	0	246	93	2.65
SCAF_336	21691	966	44.53	483	0	315	168	1.88
SCAF_337	21675	788	36.36	394	0	228	166	1.37
SCAF_338	21621	1076	49.77	538	0	330	208	1.59
SCAF_339	21529	1048	48.68	524	0	297	227	1.31
SCAF_34	97882	2854	29.16	1427	0	1057	370	2.86
SCAF_340	21472	932	43.41	466	0	332	134	2.48
SCAF_341	21449	836	38.98	418	0	198	220	0.90
SCAF_342	21444	630	29.38	315	0	237	78	3.04
SCAF_343	21365	914	42.78	457	0	230	227	1.01
SCAF_344	21355	308	14.42	154	0	112	42	2.67
SCAF_345	21334	910	42.65	455	0	212	243	0.87
SCAF_346	21294	0	0.00	0	0	0	0	0
SCAF_347	21288	934	43.87	467	0	274	193	1.42
SCAF_348	21209	242	11.41	121	0	92	29	3.17
SCAF_349	21199	890	41.98	445	0	269	176	1.53
SCAF_35	95705	4824	50.40	2412	0	1403	1009	1.39
SCAF_350	21189	822	38.79	411	0	238	173	1.38
SCAF_351	21106	504	23.88	252	0	186	66	2.82
SCAF_352	21098	470	22.28	235	0	163	72	2.26
SCAF_353	21078	658	31.22	329	0	229	100	2.29
SCAF_354	20991	1096	52.21	548	0	359	189	1.90
SCAF_355	20981	1024	48.81	512	0	350	162	2.16
SCAF_356	20980	812	38.70	406	0	180	226	0.80
SCAF_357	20976	858	40.90	429	0	286	143	2.00
SCAF_358	20871	708	33.92	354	0	224	130	1.72
SCAF_359	20831	864	41.48	432	0	283	149	1.90
SCAF_36	94431	1832	19.40	916	0	693	223	3.11
SCAF_360	20777	974	46.88	487	0	300	187	1.60
SCAF_361	20737	814	39.25	407	0	248	159	1.56
SCAF_362	20702	908	43.86	454	0	298	156	1.91
SCAF_363	20586	62	3.01	31	0	21	10	2.10
SCAF_364	20574	780	37.91	390	0	301	89	3.38
SCAF_365	20553	500	24.33	250	0	162	88	1.84
SCAF_366	20522	912	44.44	456	0	331	125	2.65
SCAF_367	20517	744	36.26	372	0	264	108	2.44
SCAF_368	20452	270	13.20	135	0	95	40	2.38
SCAF_369	20438	610	29.85	305	0	230	75	3.07
SCAF_37	92851	2784	29.98	1392	0	1057	335	3.16
SCAF_370	20350	1010	49.63	505	0	304	201	1.51
SCAF_371	20349	1004	49.34	502	0	283	219	1.29
SCAF_372	20285	784	38.65	392	0	333	59	5.64
SCAF_373	20282	1002	49.40	501	0	367	134	2.74
SCAF_374	20282	20	0.99	10	0	6	4	1.50
SCAF_375	20179	676	33.50	338	0	207	131	1.58
SCAF_376	20174	776	38.47	388	0	180	208	0.87
SCAF_377	20160	842	41.77	421	0	207	214	0.97
SCAF_378	20157	0	0.00	0	0	0	0	0
SCAF_379	20150	228	11.32	114	0	81	33	2.45
SCAF_38	89142	2172	24.37	1086	0	776	310	2.50
SCAF_380	20140	966	47.96	483	0	294	189	1.56
SCAF_381	20082	826	41.13	413	0	212	201	1.05
SCAF_382	20068	904	45.05	452	0	303	149	2.03
SCAF_383	20052	760	37.90	380	0	249	131	1.90
SCAF_384	20039	390	19.46	195	0	128	67	1.91
SCAF_385	20036	684	34.14	342	0	250	92	2.72
SCAF_386	20004	786	39.29	393	0	188	205	0.92
SCAF_387	19967	872	43.67	436	0	218	218	1.00
SCAF_388	19953	560	28.07	280	0	193	87	2.22
SCAF_389	19874	730	36.73	365	0	244	121	2.02
SCAF_39	88257	3580	40.56	1790	0	1145	645	1.78
SCAF_390	19870	28	1.41	14	0	5	9	0.56
SCAF_391	19819	1098	55.40	549	0	303	246	1.23
SCAF_392	19814	660	33.31	330	0	204	126	1.62
SCAF_393	19805	178	8.99	89	0	63	26	2.42
SCAF_394	19796	782	39.50	391	0	170	221	0.77
SCAF_395	19788	44	2.22	22	0	9	13	0.69
SCAF_396	19769	812	41.07	406	0	194	212	0.92
SCAF_397	19737	600	30.40	300	0	235	65	3.62
SCAF_398	19694	836	42.45	418	0	242	176	1.38
SCAF_399	19627	710	36.17	355	0	157	198	0.79
SCAF_4	2601389	0	0.00	0	0	0	0	0
SCAF_40	85354	2466	28.89	1233	0	910	323	2.82
SCAF_400	19559	730	37.32	365	0	234	131	1.79
SCAF_401	19529	924	47.31	462	0	297	165	1.80
SCAF_402	19485	860	44.14	430	0	282	148	1.91
SCAF_403	19440	596	30.66	298	0	219	79	2.77
SCAF_404	19429	724	37.26	362	0	259	103	2.51
SCAF_405	19412	578	29.78	289	0	198	91	2.18
SCAF_406	19412	868	44.71	434	0	243	191	1.27
SCAF_407	19392	828	42.70	414	0	243	171	1.42
SCAF_408	19383	732	37.77	366	0	225	141	1.60
SCAF_409	19350	940	48.58	470	0	333	137	2.43
SCAF_41	82239	2136	25.97	1068	0	820	248	3.31
SCAF_410	19334	728	37.65	364	0	190	174	1.09
SCAF_411	19319	490	25.36	245	0	140	105	1.33
SCAF_412	19298	484	25.08	242	0	188	54	3.48
SCAF_413	19281	578	29.98	289	0	215	74	2.91
SCAF_414	19250	656	34.08	328	0	246	82	3.00
SCAF_415	19240	816	42.41	408	0	259	149	1.74
SCAF_416	19198	692	36.05	346	0	236	110	2.15
SCAF_417	19156	1074	56.07	537	0	315	222	1.42
SCAF_418	19069	0	0.00	0	0	0	0	0
SCAF_419	19061	200	10.49	100	0	67	33	2.03
SCAF_42	77162	1838	23.82	919	0	698	221	3.16
SCAF_420	19040	968	50.84	484	0	275	209	1.32
SCAF_421	19012	772	40.61	386	0	187	199	0.94
SCAF_422	18950	150	7.92	75	0	61	14	4.36
SCAF_423	18945	856	45.18	428	0	159	269	0.59
SCAF_424	18943	840	44.34	420	0	259	161	1.61
SCAF_425	18932	872	46.06	436	0	261	175	1.49
SCAF_426	18882	724	38.34	362	0	217	145	1.50
SCAF_427	18874	604	32.00	302	0	216	86	2.51
SCAF_428	18866	490	25.97	245	0	184	61	3.02
SCAF_429	18866	682	36.15	341	0	237	104	2.28
SCAF_43	76714	2036	26.54	1018	0	737	281	2.62
SCAF_430	18815	974	51.77	487	0	207	280	0.74
SCAF_431	18805	556	29.57	278	0	190	88	2.16
SCAF_432	18790	672	35.76	336	0	267	69	3.87
SCAF_433	18773	754	40.16	377	0	238	139	1.71
SCAF_434	18766	576	30.69	288	0	208	80	2.60
SCAF_435	18753	252	13.44	126	0	97	29	3.34
SCAF_436	18746	84	4.48	42	0	35	7	5.00
SCAF_437	18721	912	48.72	456	0	157	299	0.53
SCAF_438	18669	726	38.89	363	0	241	122	1.98
SCAF_439	18588	524	28.19	262	0	200	62	3.23
SCAF_44	76272	3034	39.78	1517	0	1095	422	2.59
SCAF_440	18561	878	47.30	439	0	253	186	1.36
SCAF_441	18530	616	33.24	308	0	228	80	2.85
SCAF_442	18489	870	47.06	435	0	299	136	2.20
SCAF_443	18479	656	35.50	328	0	214	114	1.88
SCAF_444	18424	268	14.55	134	0	92	42	2.19
SCAF_445	18396	774	42.07	387	0	182	205	0.89
SCAF_446	18392	156	8.48	78	0	54	24	2.25
SCAF_447	18255	748	40.98	374	0	209	165	1.27
SCAF_448	18252	644	35.28	322	0	223	99	2.25
SCAF_449	18248	746	40.88	373	0	186	187	0.99
SCAF_45	73110	3310	45.27	1655	0	474	1181	0.40
SCAF_450	18208	684	37.57	342	0	222	120	1.85
SCAF_451	18202	556	30.55	278	0	193	85	2.27
SCAF_452	18192	774	42.55	387	0	226	161	1.40
SCAF_453	18150	626	34.49	313	0	218	95	2.29
SCAF_454	18134	900	49.63	450	0	256	194	1.32
SCAF_455	18114	820	45.27	410	0	263	147	1.79
SCAF_456	18112	694	38.32	347	0	245	102	2.40
SCAF_457	18054	636	35.23	318	0	243	75	3.24
SCAF_458	18006	708	39.32	354	0	172	182	0.95
SCAF_459	18000	818	45.44	409	0	218	191	1.14
SCAF_46	72118	2426	33.64	1213	0	900	313	2.88
SCAF_460	17967	580	32.28	290	0	216	74	2.92
SCAF_461	17943	670	37.34	335	0	204	131	1.56
SCAF_462	17929	744	41.50	372	0	268	104	2.58
SCAF_463	17921	542	30.24	271	0	142	129	1.10
SCAF_464	17913	714	39.86	357	0	174	183	0.95
SCAF_465	17912	666	37.18	333	0	180	153	1.18
SCAF_466	17886	332	18.56	166	0	100	66	1.52
SCAF_467	17859	382	21.39	191	0	148	43	3.44
SCAF_468	17837	544	30.50	272	0	195	77	2.53
SCAF_469	17802	664	37.30	332	0	192	140	1.37
SCAF_47	70166	1992	28.39	996	0	722	274	2.64
SCAF_470	17776	492	27.68	246	0	181	65	2.78
SCAF_471	17682	760	42.98	380	0	226	154	1.47
SCAF_472	17646	450	25.50	225	0	170	55	3.09
SCAF_473	17646	272	15.41	136	0	93	43	2.16
SCAF_474	17642	22	1.25	11	0	3	8	0.38
SCAF_475	17613	80	4.54	40	0	25	15	1.67
SCAF_476	17602	814	46.24	407	0	247	160	1.54
SCAF_477	17571	712	40.52	356	0	214	142	1.51
SCAF_478	17535	684	39.01	342	0	178	164	1.09
SCAF_479	17528	760	43.36	380	0	203	177	1.15
SCAF_48	69627	2428	34.87	1214	0	856	358	2.39
SCAF_480	17503	668	38.16	334	0	168	166	1.01
SCAF_481	17502	734	41.94	367	0	229	138	1.66
SCAF_482	17480	954	54.58	477	0	284	193	1.47
SCAF_483	17476	866	49.55	433	0	277	156	1.78
SCAF_484	17457	396	22.68	198	0	145	53	2.74
SCAF_485	17386	638	36.70	319	0	162	157	1.03
SCAF_486	17362	782	45.04	391	0	229	162	1.41
SCAF_487	17332	710	40.96	355	0	175	180	0.97
SCAF_488	17327	754	43.52	377	0	196	181	1.08
SCAF_489	17303	592	34.21	296	0	128	168	0.76
SCAF_49	69624	2366	33.98	1183	0	809	374	2.16
SCAF_490	17273	762	44.12	381	0	113	268	0.42
SCAF_491	17245	936	54.28	468	0	313	155	2.02
SCAF_492	17239	718	41.65	359	0	103	256	0.40
SCAF_493	17219	578	33.57	289	0	142	147	0.97
SCAF_494	17218	654	37.98	327	0	182	145	1.26
SCAF_495	17211	928	53.92	464	0	312	152	2.05
SCAF_496	17198	886	51.52	443	0	157	286	0.55
SCAF_497	17190	816	47.47	408	0	226	182	1.24
SCAF_498	17162	390	22.72	195	0	137	58	2.36
SCAF_499	17147	722	42.11	361	0	189	172	1.10
SCAF_5	2032088	0	0.00	0	0	0	0	0
SCAF_50	68258	2244	32.88	1122	0	799	323	2.47
SCAF_500	17144	700	40.83	350	0	191	159	1.20
SCAF_501	17142	588	34.30	294	0	172	122	1.41
SCAF_502	17124	446	26.05	223	0	168	55	3.05
SCAF_503	17118	6	0.35	3	0	1	2	0.50
SCAF_504	17076	222	13.00	111	0	95	16	5.94
SCAF_505	17047	26	1.53	13	0	3	10	0.30
SCAF_506	17043	352	20.65	176	0	120	56	2.14
SCAF_507	17035	510	29.94	255	0	179	76	2.36
SCAF_508	17021	528	31.02	264	0	195	69	2.83
SCAF_509	16971	634	37.36	317	0	156	161	0.97
SCAF_51	66966	1328	19.83	664	0	502	162	3.10
SCAF_510	16897	452	26.75	226	0	153	73	2.10
SCAF_511	16849	706	41.90	353	0	202	151	1.34
SCAF_512	16807	684	40.70	342	0	204	138	1.48
SCAF_513	16787	644	38.36	322	0	184	138	1.33
SCAF_514	16784	756	45.04	378	0	171	207	0.83
SCAF_515	16776	662	39.46	331	0	178	153	1.16
SCAF_516	16745	640	38.22	320	0	232	88	2.64
SCAF_517	16741	578	34.53	289	0	120	169	0.71
SCAF_518	16733	510	30.48	255	0	182	73	2.49
SCAF_519	16710	668	39.98	334	0	181	153	1.18
SCAF_52	66855	1364	20.40	682	0	478	204	2.34
SCAF_520	16702	14	0.84	7	0	3	4	0.75
SCAF_521	16701	836	50.06	418	0	267	151	1.77
SCAF_522	16645	826	49.62	413	0	297	116	2.56
SCAF_523	16623	530	31.88	265	0	138	127	1.09
SCAF_524	16568	522	31.51	261	0	174	87	2.00
SCAF_525	16548	698	42.18	349	0	210	139	1.51
SCAF_526	16541	786	47.52	393	0	109	284	0.38
SCAF_527	16518	4	0.24	2	0	0	2	0.00
SCAF_528	16510	632	38.28	316	0	108	208	0.52
SCAF_529	16492	416	25.22	208	0	158	50	3.16
SCAF_53	65552	1700	25.93	850	0	603	247	2.44
SCAF_530	16462	336	20.41	168	0	135	33	4.09
SCAF_531	16461	756	45.93	378	0	244	134	1.82
SCAF_532	16447	518	31.50	259	0	186	73	2.55
SCAF_533	16383	606	36.99	303	0	222	81	2.74
SCAF_534	16345	642	39.28	321	0	145	176	0.82
SCAF_535	16343	820	50.17	410	0	282	128	2.20
SCAF_536	16333	798	48.86	399	0	262	137	1.91
SCAF_537	16287	344	21.12	172	0	118	54	2.19
SCAF_538	16266	820	50.41	410	0	199	211	0.94
SCAF_539	16246	728	44.81	364	0	249	115	2.17
SCAF_54	65267	1422	21.79	711	0	533	178	2.99
SCAF_540	16245	816	50.23	408	0	247	161	1.53
SCAF_541	16215	670	41.32	335	0	193	142	1.36
SCAF_542	16208	408	25.17	204	0	139	65	2.14
SCAF_543	16160	658	40.72	329	0	149	180	0.83
SCAF_544	16140	606	37.55	303	0	191	112	1.71
SCAF_545	16102	776	48.19	388	0	255	133	1.92
SCAF_546	16083	618	38.43	309	0	170	139	1.22
SCAF_547	16037	778	48.51	389	0	259	130	1.99
SCAF_548	16034	612	38.17	306	0	189	117	1.62
SCAF_549	16030	738	46.04	369	0	246	123	2.00
SCAF_55	65114	1932	29.67	966	0	712	254	2.80
SCAF_550	16027	770	48.04	385	0	256	129	1.98
SCAF_551	15990	362	22.64	181	0	138	43	3.21
SCAF_552	15913	494	31.04	247	0	189	58	3.26
SCAF_553	15906	398	25.02	199	0	156	43	3.63
SCAF_554	15898	704	44.28	352	0	182	170	1.07
SCAF_555	15891	628	39.52	314	0	181	133	1.36
SCAF_556	15885	638	40.16	319	0	174	145	1.20
SCAF_557	15855	698	44.02	349	0	222	127	1.75
SCAF_558	15839	648	40.91	324	0	205	119	1.72
SCAF_559	15827	610	38.54	305	0	150	155	0.97
SCAF_56	62812	2054	32.70	1027	0	724	303	2.39
SCAF_560	15823	408	25.79	204	0	157	47	3.34
SCAF_561	15791	564	35.72	282	0	132	150	0.88
SCAF_562	15777	16	1.01	8	0	6	2	3.00
SCAF_563	15776	416	26.37	208	0	154	54	2.85
SCAF_564	15761	712	45.17	356	0	97	259	0.37
SCAF_565	15717	734	46.70	367	0	197	170	1.16
SCAF_566	15706	630	40.11	315	0	205	110	1.86
SCAF_567	15696	650	41.41	325	0	189	136	1.39
SCAF_568	15657	596	38.07	298	0	129	169	0.76
SCAF_569	15650	434	27.73	217	0	170	47	3.62
SCAF_57	62187	1788	28.75	894	0	673	221	3.05
SCAF_570	15646	630	40.27	315	0	240	75	3.20
SCAF_571	15619	636	40.72	318	0	200	118	1.69
SCAF_572	15612	678	43.43	339	0	206	133	1.55
SCAF_573	15605	674	43.19	337	0	193	144	1.34
SCAF_574	15575	532	34.16	266	0	199	67	2.97
SCAF_575	15573	426	27.36	213	0	131	82	1.60
SCAF_576	15571	750	48.17	375	0	247	128	1.93
SCAF_577	15544	602	38.73	301	0	155	146	1.06
SCAF_578	15521	544	35.05	272	0	172	100	1.72
SCAF_579	15497	736	47.49	368	0	204	164	1.24
SCAF_58	61544	2556	41.53	1278	0	708	570	1.24
SCAF_580	15481	526	33.98	263	0	130	133	0.98
SCAF_581	15458	372	24.07	186	0	142	44	3.23
SCAF_582	15439	472	30.57	236	0	158	78	2.03
SCAF_583	15421	628	40.72	314	0	258	56	4.61
SCAF_584	15337	810	52.81	405	0	290	115	2.52
SCAF_585	15336	638	41.60	319	0	194	125	1.55
SCAF_586	15301	604	39.47	302	0	175	127	1.38
SCAF_587	15300	214	13.99	107	0	88	19	4.63
SCAF_588	15298	612	40.01	306	0	158	148	1.07
SCAF_589	15238	520	34.13	260	0	193	67	2.88
SCAF_59	61533	1398	22.72	699	0	525	174	3.02
SCAF_590	15205	338	22.23	169	0	122	47	2.60
SCAF_591	15162	234	15.43	117	0	82	35	2.34
SCAF_592	15154	578	38.14	289	0	112	177	0.63
SCAF_593	15087	734	48.65	367	0	156	211	0.74
SCAF_594	15082	300	19.89	150	0	121	29	4.17
SCAF_595	15055	536	35.60	268	0	181	87	2.08
SCAF_596	15045	854	56.76	427	0	244	183	1.33
SCAF_597	15030	602	40.05	301	0	85	216	0.39
SCAF_598	15027	582	38.73	291	0	199	92	2.16
SCAF_599	15000	312	20.80	156	0	123	33	3.73
SCAF_6	1976889	0	0.00	0	0	0	0	0
SCAF_60	61411	1602	26.09	801	0	574	227	2.53
SCAF_600	14995	660	44.01	330	0	242	88	2.75
SCAF_601	14985	332	22.16	166	0	121	45	2.69
SCAF_602	14930	644	43.13	322	0	144	178	0.81
SCAF_603	14898	444	29.80	222	0	121	101	1.20
SCAF_604	14863	666	44.81	333	0	181	152	1.19
SCAF_605	14840	716	48.25	358	0	223	135	1.65
SCAF_606	14808	400	27.01	200	0	109	91	1.20
SCAF_607	14807	370	24.99	185	0	149	36	4.14
SCAF_608	14785	604	40.85	302	0	218	84	2.60
SCAF_609	14742	60	4.07	30	0	22	8	2.75
SCAF_61	61115	1746	28.57	873	0	672	201	3.34
SCAF_610	14738	638	43.29	319	0	171	148	1.16
SCAF_611	14737	190	12.89	95	0	64	31	2.06
SCAF_612	14712	18	1.22	9	0	1	8	0.12
SCAF_613	14708	350	23.80	175	0	130	45	2.89
SCAF_614	14694	456	31.03	228	0	154	74	2.08
SCAF_615	14684	662	45.08	331	0	186	145	1.28
SCAF_616	14676	544	37.07	272	0	178	94	1.89
SCAF_617	14662	550	37.51	275	0	214	61	3.51
SCAF_618	14658	626	42.71	313	0	160	153	1.05
SCAF_619	14650	472	32.22	236	0	168	68	2.47
SCAF_62	59972	2104	35.08	1052	0	732	320	2.29
SCAF_620	14639	496	33.88	248	0	183	65	2.82
SCAF_621	14614	414	28.33	207	0	107	100	1.07
SCAF_622	14596	644	44.12	322	0	252	70	3.60
SCAF_623	14590	590	40.44	295	0	222	73	3.04
SCAF_624	14581	548	37.58	274	0	172	102	1.69
SCAF_625	14547	552	37.95	276	0	216	60	3.60
SCAF_626	14527	662	45.57	331	0	187	144	1.30
SCAF_627	14523	628	43.24	314	0	149	165	0.90
SCAF_628	14498	350	24.14	175	0	102	73	1.40
SCAF_629	14453	612	42.34	306	0	166	140	1.19
SCAF_63	59743	2812	47.07	1406	0	880	526	1.67
SCAF_630	14414	428	29.69	214	0	126	88	1.43
SCAF_631	14395	600	41.68	300	0	153	147	1.04
SCAF_632	14385	650	45.19	325	0	87	238	0.37
SCAF_633	14371	584	40.64	292	0	182	110	1.65
SCAF_634	14371	496	34.51	248	0	145	103	1.41
SCAF_635	14280	602	42.16	301	0	188	113	1.66
SCAF_636	14276	598	41.89	299	0	161	138	1.17
SCAF_637	14236	300	21.07	150	0	93	57	1.63
SCAF_638	14229	604	42.45	302	0	166	136	1.22
SCAF_639	14202	580	40.84	290	0	167	123	1.36
SCAF_64	58841	2142	36.40	1071	0	767	304	2.52
SCAF_640	14111	726	51.45	363	0	259	104	2.49
SCAF_641	14088	496	35.21	248	0	118	130	0.91
SCAF_642	14005	576	41.13	288	0	124	164	0.76
SCAF_643	13977	10	0.72	5	0	1	4	0.25
SCAF_644	13890	658	47.37	329	0	212	117	1.81
SCAF_645	13875	594	42.81	297	0	115	182	0.63
SCAF_646	13874	322	23.21	161	0	114	47	2.43
SCAF_647	13848	556	40.15	278	0	147	131	1.12
SCAF_648	13847	614	44.34	307	0	188	119	1.58
SCAF_649	13838	468	33.82	234	0	161	73	2.21
SCAF_65	58838	2002	34.03	1001	0	729	272	2.68
SCAF_650	13812	596	43.15	298	0	198	100	1.98
SCAF_651	13758	204	14.83	102	0	77	25	3.08
SCAF_652	13727	590	42.98	295	0	149	146	1.02
SCAF_653	13703	468	34.15	234	0	144	90	1.60
SCAF_654	13701	570	41.60	285	0	172	113	1.52
SCAF_655	13677	640	46.79	320	0	217	103	2.11
SCAF_656	13622	606	44.49	303	0	150	153	0.98
SCAF_657	13584	664	48.88	332	0	232	100	2.32
SCAF_658	13583	578	42.55	289	0	147	142	1.04
SCAF_659	13535	554	40.93	277	0	135	142	0.95
SCAF_66	58483	1684	28.79	842	0	584	258	2.26
SCAF_660	13535	660	48.76	330	0	182	148	1.23
SCAF_661	13499	650	48.15	325	0	183	142	1.29
SCAF_662	13464	476	35.35	238	0	169	69	2.45
SCAF_663	13438	498	37.06	249	0	208	41	5.07
SCAF_664	13385	12	0.90	6	0	2	4	0.50
SCAF_665	13357	624	46.72	312	0	201	111	1.81
SCAF_666	13330	618	46.36	309	0	167	142	1.18
SCAF_667	13327	570	42.77	285	0	206	79	2.61
SCAF_668	13319	520	39.04	260	0	179	81	2.21
SCAF_669	13303	558	41.95	279	0	171	108	1.58
SCAF_67	57162	1376	24.07	688	0	539	149	3.62
SCAF_670	13293	520	39.12	260	0	92	168	0.55
SCAF_671	13288	348	26.19	174	0	130	44	2.95
SCAF_672	13266	498	37.54	249	0	127	122	1.04
SCAF_673	13189	300	22.75	150	0	108	42	2.57
SCAF_674	13149	328	24.94	164	0	121	43	2.81
SCAF_675	13128	478	36.41	239	0	172	67	2.57
SCAF_676	13120	144	10.98	72	0	47	25	1.88
SCAF_677	13080	604	46.18	302	0	190	112	1.70
SCAF_678	13050	522	40.00	261	0	134	127	1.06
SCAF_679	13043	576	44.16	288	0	179	109	1.64
SCAF_68	56404	1878	33.30	939	0	747	192	3.89
SCAF_680	13008	524	40.28	262	0	170	92	1.85
SCAF_681	13001	396	30.46	198	0	124	74	1.68
SCAF_682	12997	432	33.24	216	0	155	61	2.54
SCAF_683	12986	548	42.20	274	0	129	145	0.89
SCAF_684	12871	670	52.06	335	0	209	126	1.66
SCAF_685	12842	686	53.42	343	0	177	166	1.07
SCAF_686	12830	550	42.87	275	0	181	94	1.93
SCAF_687	12781	552	43.19	276	0	132	144	0.92
SCAF_688	12768	366	28.67	183	0	144	39	3.69
SCAF_689	12768	508	39.79	254	0	116	138	0.84
SCAF_69	55942	2442	43.65	1221	0	641	580	1.11
SCAF_690	12764	470	36.82	235	0	129	106	1.22
SCAF_691	12677	562	44.33	281	0	190	91	2.09
SCAF_692	12675	506	39.92	253	0	156	97	1.61
SCAF_693	12651	582	46.00	291	0	189	102	1.85
SCAF_694	12646	356	28.15	178	0	123	55	2.24
SCAF_695	12643	250	19.77	125	0	89	36	2.47
SCAF_696	12633	474	37.52	237	0	127	110	1.15
SCAF_697	12625	570	45.15	285	0	126	159	0.79
SCAF_698	12617	384	30.44	192	0	134	58	2.31
SCAF_699	12540	512	40.83	256	0	152	104	1.46
SCAF_7	1932263	0	0.00	0	0	0	0	0
SCAF_70	55722	1678	30.11	839	0	612	227	2.70
SCAF_700	12515	916	73.19	458	0	329	129	2.55
SCAF_701	12482	574	45.99	287	0	165	122	1.35
SCAF_702	12461	522	41.89	261	0	190	71	2.68
SCAF_703	12456	438	35.16	219	0	173	46	3.76
SCAF_704	12456	376	30.19	188	0	140	48	2.92
SCAF_705	12358	382	30.91	191	0	128	63	2.03
SCAF_706	12350	402	32.55	201	0	137	64	2.14
SCAF_707	12343	552	44.72	276	0	182	94	1.94
SCAF_708	12333	486	39.41	243	0	147	96	1.53
SCAF_709	12319	14	1.14	7	0	4	3	1.33
SCAF_71	55604	1692	30.43	846	0	657	189	3.48
SCAF_710	12288	454	36.95	227	0	137	90	1.52
SCAF_711	12252	352	28.73	176	0	134	42	3.19
SCAF_712	12218	756	61.88	378	0	240	138	1.74
SCAF_713	12177	234	19.22	117	0	100	17	5.88
SCAF_714	12167	546	44.88	273	0	183	90	2.03
SCAF_715	12163	244	20.06	122	0	54	68	0.79
SCAF_716	12143	396	32.61	198	0	88	110	0.80
SCAF_717	12102	388	32.06	194	0	144	50	2.88
SCAF_718	12099	546	45.13	273	0	132	141	0.94
SCAF_719	12095	542	44.81	271	0	156	115	1.36
SCAF_72	54709	2586	47.27	1293	0	457	836	0.55
SCAF_720	12085	622	51.47	311	0	207	104	1.99
SCAF_721	12078	526	43.55	263	0	179	84	2.13
SCAF_722	12066	436	36.13	218	0	180	38	4.74
SCAF_723	12015	484	40.28	242	0	100	142	0.70
SCAF_724	12004	448	37.32	224	0	140	84	1.67
SCAF_725	11949	502	42.01	251	0	162	89	1.82
SCAF_726	11911	630	52.89	315	0	208	107	1.94
SCAF_727	11900	430	36.13	215	0	126	89	1.42
SCAF_728	11869	316	26.62	158	0	106	52	2.04
SCAF_729	11788	362	30.71	181	0	124	57	2.18
SCAF_73	52157	2760	52.92	1380	0	580	800	0.72
SCAF_730	11785	330	28.00	165	0	121	44	2.75
SCAF_731	11750	522	44.43	261	0	85	176	0.48
SCAF_732	11699	564	48.21	282	0	213	69	3.09
SCAF_733	11674	538	46.09	269	0	145	124	1.17
SCAF_734	11658	482	41.34	241	0	130	111	1.17
SCAF_735	11648	344	29.53	172	0	125	47	2.66
SCAF_736	11642	474	40.71	237	0	109	128	0.85
SCAF_737	11612	410	35.31	205	0	124	81	1.53
SCAF_738	11595	472	40.71	236	0	152	84	1.81
SCAF_739	11525	506	43.90	253	0	149	104	1.43
SCAF_74	52077	1602	30.76	801	0	550	251	2.19
SCAF_740	11505	408	35.46	204	0	78	126	0.62
SCAF_741	11492	476	41.42	238	0	125	113	1.11
SCAF_742	11467	10	0.87	5	0	4	1	4.00
SCAF_743	11404	380	33.32	190	0	122	68	1.79
SCAF_744	11377	518	45.53	259	0	183	76	2.41
SCAF_745	11364	490	43.12	245	0	130	115	1.13
SCAF_746	11318	394	34.81	197	0	136	61	2.23
SCAF_747	11311	628	55.52	314	0	210	104	2.02
SCAF_748	11306	330	29.19	165	0	128	37	3.46
SCAF_749	11299	454	40.18	227	0	166	61	2.72
SCAF_75	51185	1438	28.09	719	0	509	210	2.42
SCAF_750	11284	572	50.69	286	0	196	90	2.18
SCAF_751	11276	614	54.45	307	0	198	109	1.82
SCAF_752	11267	532	47.22	266	0	178	88	2.02
SCAF_753	11254	450	39.99	225	0	144	81	1.78
SCAF_754	11236	442	39.34	221	0	121	100	1.21
SCAF_755	11231	446	39.71	223	0	93	130	0.72
SCAF_756	11200	322	28.75	161	0	121	40	3.02
SCAF_757	11195	592	52.88	296	0	154	142	1.08
SCAF_758	11126	528	47.46	264	0	172	92	1.87
SCAF_759	11118	388	34.90	194	0	83	111	0.75
SCAF_76	50428	60	1.19	30	0	24	6	4.00
SCAF_760	11100	562	50.63	281	0	208	73	2.85
SCAF_761	11097	430	38.75	215	0	128	87	1.47
SCAF_762	11029	354	32.10	177	0	112	65	1.72
SCAF_763	11019	110	9.98	55	0	35	20	1.75
SCAF_764	10979	178	16.21	89	0	69	20	3.45
SCAF_765	10957	554	50.56	277	0	183	94	1.95
SCAF_766	10940	456	41.68	228	0	115	113	1.02
SCAF_767	10913	380	34.82	190	0	153	37	4.14
SCAF_768	10886	172	15.80	86	0	68	18	3.78
SCAF_769	10867	404	37.18	202	0	102	100	1.02
SCAF_77	50384	372	7.38	186	0	126	60	2.10
SCAF_770	10816	524	48.45	262	0	194	68	2.85
SCAF_771	10810	478	44.22	239	0	130	109	1.19
SCAF_772	10709	438	40.90	219	0	120	99	1.21
SCAF_773	10688	356	33.31	178	0	119	59	2.02
SCAF_774	10648	310	29.11	155	0	120	35	3.43
SCAF_775	10642	376	35.33	188	0	98	90	1.09
SCAF_776	10612	332	31.29	166	0	99	67	1.48
SCAF_777	10608	174	16.40	87	0	54	33	1.64
SCAF_778	10604	454	42.81	227	0	126	101	1.25
SCAF_779	10578	506	47.84	253	0	144	109	1.32
SCAF_78	49366	1882	38.12	941	0	637	304	2.10
SCAF_780	10571	364	34.43	182	0	107	75	1.43
SCAF_781	10511	554	52.71	277	0	219	58	3.78
SCAF_782	10492	484	46.13	242	0	122	120	1.02
SCAF_783	10421	382	36.66	191	0	76	115	0.66
SCAF_784	10379	156	15.03	78	0	57	21	2.71
SCAF_785	10337	410	39.66	205	0	130	75	1.73
SCAF_786	10326	408	39.51	204	0	122	82	1.49
SCAF_787	10326	488	47.26	244	0	164	80	2.05
SCAF_788	10316	354	34.32	177	0	105	72	1.46
SCAF_789	10256	172	16.77	86	0	42	44	0.95
SCAF_79	49160	1402	28.52	701	0	497	204	2.44
SCAF_790	10228	366	35.78	183	0	131	52	2.52
SCAF_791	10185	352	34.56	176	0	68	108	0.63
SCAF_792	10184	384	37.71	192	0	114	78	1.46
SCAF_793	10160	146	14.37	73	0	47	26	1.81
SCAF_794	10147	356	35.08	178	0	107	71	1.51
SCAF_795	10110	286	28.29	143	0	118	25	4.72
SCAF_796	10045	452	45.00	226	0	154	72	2.14
SCAF_797	10015	396	39.54	198	0	137	61	2.25
SCAF_798	10012	476	47.54	238	0	112	126	0.89
SCAF_799	9978	130	13.03	65	0	45	20	2.25
SCAF_8	1669080	0	0.00	0	0	0	0	0
SCAF_80	48966	1774	36.23	887	0	626	261	2.40
SCAF_800	9947	312	31.37	156	0	117	39	3.00
SCAF_801	9941	398	40.04	199	0	106	93	1.14
SCAF_802	9910	372	37.54	186	0	128	58	2.21
SCAF_803	9879	418	42.31	209	0	126	83	1.52
SCAF_804	9861	296	30.02	148	0	120	28	4.29
SCAF_805	9859	412	41.79	206	0	117	89	1.31
SCAF_806	9855	448	45.46	224	0	110	114	0.96
SCAF_807	9792	516	52.70	258	0	122	136	0.90
SCAF_808	9784	406	41.50	203	0	84	119	0.71
SCAF_809	9773	270	27.63	135	0	108	27	4.00
SCAF_81	48848	1860	38.08	930	0	552	378	1.46
SCAF_810	9756	558	57.20	279	0	187	92	2.03
SCAF_811	9753	418	42.86	209	0	137	72	1.90
SCAF_812	9719	364	37.45	182	0	127	55	2.31
SCAF_813	9715	350	36.03	175	0	124	51	2.43
SCAF_814	9708	472	48.62	236	0	156	80	1.95
SCAF_815	9700	404	41.65	202	0	120	82	1.46
SCAF_816	9673	380	39.28	190	0	119	71	1.68
SCAF_817	9638	302	31.33	151	0	58	93	0.62
SCAF_818	9601	410	42.70	205	0	123	82	1.50
SCAF_819	9601	358	37.29	179	0	89	90	0.99
SCAF_82	48542	1018	20.97	509	0	419	90	4.66
SCAF_820	9550	62	6.49	31	0	22	9	2.44
SCAF_821	9533	410	43.01	205	0	116	89	1.30
SCAF_822	9498	372	39.17	186	0	109	77	1.42
SCAF_823	9466	0	0.00	0	0	0	0	0
SCAF_824	9457	244	25.80	122	0	63	59	1.07
SCAF_825	9446	220	23.29	110	0	83	27	3.07
SCAF_826	9385	280	29.83	140	0	85	55	1.55
SCAF_827	9376	176	18.77	88	0	62	26	2.38
SCAF_828	9365	428	45.70	214	0	143	71	2.01
SCAF_829	9320	212	22.75	106	0	75	31	2.42
SCAF_83	48542	2400	49.44	1200	0	441	759	0.58
SCAF_830	9303	382	41.06	191	0	111	80	1.39
SCAF_831	9295	148	15.92	74	0	47	27	1.74
SCAF_832	9282	426	45.90	213	0	124	89	1.39
SCAF_833	9263	198	21.38	99	0	66	33	2.00
SCAF_834	9159	140	15.29	70	0	40	30	1.33
SCAF_835	9159	350	38.21	175	0	82	93	0.88
SCAF_836	9157	354	38.66	177	0	124	53	2.34
SCAF_837	9095	438	48.16	219	0	149	70	2.13
SCAF_838	9078	282	31.06	141	0	102	39	2.62
SCAF_839	9057	96	10.60	48	0	27	21	1.29
SCAF_84	47775	1912	40.02	956	0	579	377	1.54
SCAF_840	9014	400	44.38	200	0	130	70	1.86
SCAF_841	8986	224	24.93	112	0	84	28	3.00
SCAF_842	8986	236	26.26	118	0	75	43	1.74
SCAF_843	8952	114	12.73	57	0	28	29	0.97
SCAF_844	8935	226	25.29	113	0	83	30	2.77
SCAF_845	8927	220	24.64	110	0	78	32	2.44
SCAF_846	8908	172	19.31	86	0	53	33	1.61
SCAF_847	8868	360	40.60	180	0	131	49	2.67
SCAF_848	8867	292	32.93	146	0	79	67	1.18
SCAF_849	8825	240	27.20	120	0	83	37	2.24
SCAF_85	47318	1674	35.38	837	0	570	267	2.13
SCAF_850	8771	384	43.78	192	0	107	85	1.26
SCAF_851	8703	346	39.76	173	0	78	95	0.82
SCAF_852	8695	456	52.44	228	0	166	62	2.68
SCAF_853	8662	22	2.54	11	0	7	4	1.75
SCAF_854	8634	358	41.46	179	0	105	74	1.42
SCAF_855	8630	406	47.05	203	0	129	74	1.74
SCAF_856	8617	0	0.00	0	0	0	0	0
SCAF_857	8469	360	42.51	180	0	95	85	1.12
SCAF_858	8431	344	40.80	172	0	129	43	3.00
SCAF_859	8397	268	31.92	134	0	83	51	1.63
SCAF_86	46994	1168	24.85	584	0	415	169	2.46
SCAF_860	8390	276	32.90	138	0	111	27	4.11
SCAF_861	8357	490	58.63	245	0	165	80	2.06
SCAF_862	8342	236	28.29	118	0	83	35	2.37
SCAF_863	8337	338	40.54	169	0	99	70	1.41
SCAF_864	8258	230	27.85	115	0	79	36	2.19
SCAF_865	8103	314	38.75	157	0	117	40	2.92
SCAF_866	8034	160	19.92	80	0	55	25	2.20
SCAF_867	8027	252	31.39	126	0	88	38	2.32
SCAF_868	8017	302	37.67	151	0	97	54	1.80
SCAF_869	8015	148	18.47	74	0	55	19	2.89
SCAF_87	46805	1474	31.49	737	0	544	193	2.82
SCAF_870	8015	250	31.19	125	0	53	72	0.74
SCAF_871	8000	340	42.50	170	0	108	62	1.74
SCAF_872	7790	348	44.67	174	0	108	66	1.64
SCAF_873	7773	284	36.54	142	0	86	56	1.54
SCAF_874	7763	178	22.93	89	0	67	22	3.05
SCAF_875	7721	278	36.01	139	0	97	42	2.31
SCAF_876	7701	52	6.75	26	0	22	4	5.50
SCAF_877	7680	340	44.27	170	0	112	58	1.93
SCAF_878	7622	386	50.64	193	0	120	73	1.64
SCAF_879	7582	322	42.47	161	0	124	37	3.35
SCAF_88	46738	1974	42.24	987	0	481	506	0.95
SCAF_880	7559	174	23.02	87	0	65	22	2.95
SCAF_881	7416	230	31.01	115	0	94	21	4.48
SCAF_882	7394	224	30.29	112	0	76	36	2.11
SCAF_883	7363	266	36.13	133	0	93	40	2.33
SCAF_884	7338	344	46.88	172	0	84	88	0.95
SCAF_885	7324	416	56.80	208	0	140	68	2.06
SCAF_886	7276	86	11.82	43	0	26	17	1.53
SCAF_887	7242	206	28.45	103	0	60	43	1.40
SCAF_888	7231	350	48.40	175	0	128	47	2.72
SCAF_889	7198	242	33.62	121	0	67	54	1.24
SCAF_89	46547	1286	27.63	643	0	438	205	2.14
SCAF_890	7142	346	48.45	173	0	112	61	1.84
SCAF_891	7028	324	46.10	162	0	107	55	1.95
SCAF_892	7025	308	43.84	154	0	100	54	1.85
SCAF_893	7015	278	39.63	139	0	76	63	1.21
SCAF_894	6958	316	45.42	158	0	59	99	0.60
SCAF_895	6948	356	51.24	178	0	123	55	2.24
SCAF_896	6829	24	3.51	12	0	6	6	1.00
SCAF_897	6804	318	46.74	159	0	106	53	2.00
SCAF_898	6754	150	22.21	75	0	54	21	2.57
SCAF_899	6732	256	38.03	128	0	60	68	0.88
SCAF_9	1646134	0	0.00	0	0	0	0	0
SCAF_90	46221	1862	40.28	931	0	566	365	1.55
SCAF_900	6698	44	6.57	22	0	18	4	4.50
SCAF_901	6642	214	32.22	107	0	48	59	0.81
SCAF_902	6588	100	15.18	50	0	30	20	1.50
SCAF_903	6549	218	33.29	109	0	79	30	2.63
SCAF_904	6496	242	37.25	121	0	64	57	1.12
SCAF_905	6483	244	37.64	122	0	77	45	1.71
SCAF_906	6367	278	43.66	139	0	77	62	1.24
SCAF_907	6367	172	27.01	86	0	66	20	3.30
SCAF_908	6228	0	0.00	0	0	0	0	0
SCAF_909	6173	142	23.00	71	0	56	15	3.73
SCAF_91	44916	1418	31.57	709	0	501	208	2.41
SCAF_910	6170	152	24.64	76	0	44	32	1.38
SCAF_911	6077	0	0.00	0	0	0	0	0
SCAF_912	6073	0	0.00	0	0	0	0	0
SCAF_913	6059	0	0.00	0	0	0	0	0
SCAF_914	6001	0	0.00	0	0	0	0	0
SCAF_915	5869	0	0.00	0	0	0	0	0
SCAF_916	5803	0	0.00	0	0	0	0	0
SCAF_917	5661	0	0.00	0	0	0	0	0
SCAF_918	5277	0	0.00	0	0	0	0	0
SCAF_92	44616	34	0.76	17	0	5	12	0.42
SCAF_93	44136	1706	38.65	853	0	590	263	2.24
SCAF_94	43913	1456	33.16	728	0	463	265	1.75
SCAF_95	43808	1808	41.27	904	0	503	401	1.25
SCAF_96	43342	1322	30.50	661	0	469	192	2.44
SCAF_97	43038	76	1.77	38	0	18	20	0.90
SCAF_98	42896	1752	40.84	876	0	612	264	2.32
SCAF_99	42178	1158	27.46	579	0	419	160	2.62
Totals	51514314	803816	15.60	401908	0	255624	146284	1.75
