Chromosome	Length	Total Variants	VarPerKb	SNP	INDEL	Ts	Tv	Ts/Tv
SCAF_1	5574741	172376	30.92	86188	0	63928	22260	2.87
SCAF_10	1570817	51274	32.64	25637	0	18605	7032	2.65
SCAF_100	41993	1770	42.15	885	0	549	336	1.63
SCAF_101	41585	1366	32.85	683	0	457	226	2.02
SCAF_102	41267	8	0.19	4	0	3	1	3.00
SCAF_103	41164	1866	45.33	933	0	535	398	1.34
SCAF_104	40984	1616	39.43	808	0	376	432	0.87
SCAF_105	40971	784	19.14	392	0	304	88	3.45
SCAF_106	40689	1226	30.13	613	0	441	172	2.56
SCAF_107	40038	990	24.73	495	0	374	121	3.09
SCAF_108	39998	1152	28.80	576	0	420	156	2.69
SCAF_109	39904	1574	39.44	787	0	547	240	2.28
SCAF_11	1437752	44244	30.77	22122	0	16078	6044	2.66
SCAF_110	39605	1194	30.15	597	0	478	119	4.02
SCAF_111	39279	1488	37.88	744	0	424	320	1.32
SCAF_112	39164	40	1.02	20	0	16	4	4.00
SCAF_113	39049	1470	37.65	735	0	348	387	0.90
SCAF_114	38983	1468	37.66	734	0	498	236	2.11
SCAF_115	38824	1132	29.16	566	0	450	116	3.88
SCAF_116	37823	1018	26.91	509	0	368	141	2.61
SCAF_117	37728	10	0.27	5	0	3	2	1.50
SCAF_118	37705	998	26.47	499	0	338	161	2.10
SCAF_119	37514	1008	26.87	504	0	358	146	2.45
SCAF_12	978195	31080	31.77	15540	0	11180	4360	2.56
SCAF_120	37456	32	0.85	16	0	8	8	1.00
SCAF_121	37441	6	0.16	3	0	0	3	0.00
SCAF_122	37347	1124	30.10	562	0	426	136	3.13
SCAF_123	37222	1818	48.84	909	0	279	630	0.44
SCAF_124	36961	1024	27.70	512	0	368	144	2.56
SCAF_125	36710	1654	45.06	827	0	376	451	0.83
SCAF_126	36614	1380	37.69	690	0	408	282	1.45
SCAF_127	36584	996	27.23	498	0	336	162	2.07
SCAF_128	36068	1452	40.26	726	0	499	227	2.20
SCAF_129	35972	1104	30.69	552	0	414	138	3.00
SCAF_13	598471	22842	38.17	11421	0	7859	3562	2.21
SCAF_130	35925	1022	28.45	511	0	369	142	2.60
SCAF_131	35704	1390	38.93	695	0	401	294	1.36
SCAF_132	35264	1234	34.99	617	0	439	178	2.47
SCAF_133	35121	38	1.08	19	0	10	9	1.11
SCAF_134	35117	980	27.91	490	0	353	137	2.58
SCAF_135	34903	1708	48.94	854	0	306	548	0.56
SCAF_136	34900	48	1.38	24	0	12	12	1.00
SCAF_137	34765	1564	44.99	782	0	348	434	0.80
SCAF_138	34687	1600	46.13	800	0	507	293	1.73
SCAF_139	34615	976	28.20	488	0	350	138	2.54
SCAF_14	247525	674	2.72	337	0	146	191	0.76
SCAF_140	34599	12	0.35	6	0	2	4	0.50
SCAF_141	34497	910	26.38	455	0	288	167	1.72
SCAF_142	34440	8	0.23	4	0	1	3	0.33
SCAF_143	34384	1522	44.26	761	0	263	498	0.53
SCAF_144	34330	1488	43.34	744	0	340	404	0.84
SCAF_145	34087	1186	34.79	593	0	435	158	2.75
SCAF_146	33692	906	26.89	453	0	317	136	2.33
SCAF_147	33483	6	0.18	3	0	2	1	2.00
SCAF_148	33469	906	27.07	453	0	322	131	2.46
SCAF_149	33420	4	0.12	2	0	0	2	0.00
SCAF_15	224905	5634	25.05	2817	0	2009	808	2.49
SCAF_150	33347	1310	39.28	655	0	464	191	2.43
SCAF_151	33283	1298	39.00	649	0	394	255	1.55
SCAF_152	33266	1498	45.03	749	0	240	509	0.47
SCAF_153	33237	1532	46.09	766	0	430	336	1.28
SCAF_154	33139	1382	41.70	691	0	488	203	2.40
SCAF_155	33127	4	0.12	2	0	0	2	0.00
SCAF_156	32748	1576	48.13	788	0	470	318	1.48
SCAF_157	32666	980	30.00	490	0	285	205	1.39
SCAF_158	32618	1496	45.86	748	0	403	345	1.17
SCAF_159	32358	1376	42.52	688	0	385	303	1.27
SCAF_16	181804	5322	29.27	2661	0	1170	1491	0.78
SCAF_160	32136	1374	42.76	687	0	312	375	0.83
SCAF_161	32035	1136	35.46	568	0	271	297	0.91
SCAF_162	31954	1044	32.67	522	0	396	126	3.14
SCAF_163	31782	1222	38.45	611	0	335	276	1.21
SCAF_164	31669	1512	47.74	756	0	256	500	0.51
SCAF_165	31629	1172	37.05	586	0	425	161	2.64
SCAF_166	31581	1184	37.49	592	0	372	220	1.69
SCAF_167	31556	1390	44.05	695	0	426	269	1.58
SCAF_168	31421	1284	40.86	642	0	290	352	0.82
SCAF_169	31314	1458	46.56	729	0	178	551	0.32
SCAF_17	176395	6656	37.73	3328	0	2393	935	2.56
SCAF_170	31127	1404	45.11	702	0	443	259	1.71
SCAF_171	31061	4	0.13	2	0	1	1	1.00
SCAF_172	31059	1062	34.19	531	0	300	231	1.30
SCAF_173	30866	1164	37.71	582	0	364	218	1.67
SCAF_174	30739	20	0.65	10	0	4	6	0.67
SCAF_175	30330	1174	38.71	587	0	445	142	3.13
SCAF_176	30301	386	12.74	193	0	126	67	1.88
SCAF_177	30226	734	24.28	367	0	275	92	2.99
SCAF_178	30187	1010	33.46	505	0	351	154	2.28
SCAF_179	30183	1146	37.97	573	0	265	308	0.86
SCAF_18	160122	5282	32.99	2641	0	1923	718	2.68
SCAF_180	30131	1252	41.55	626	0	467	159	2.94
SCAF_181	30071	1154	38.38	577	0	412	165	2.50
SCAF_182	30032	1238	41.22	619	0	399	220	1.81
SCAF_183	30005	424	14.13	212	0	144	68	2.12
SCAF_184	29541	1262	42.72	631	0	428	203	2.11
SCAF_185	29415	1140	38.76	570	0	395	175	2.26
SCAF_186	29375	1278	43.51	639	0	319	320	1.00
SCAF_187	29360	650	22.14	325	0	217	108	2.01
SCAF_188	29327	810	27.62	405	0	294	111	2.65
SCAF_189	29236	1050	35.91	525	0	374	151	2.48
SCAF_19	139354	2742	19.68	1371	0	1107	264	4.19
SCAF_190	29216	1218	41.69	609	0	396	213	1.86
SCAF_191	29200	1370	46.92	685	0	421	264	1.59
SCAF_192	29083	94	3.23	47	0	34	13	2.62
SCAF_193	29081	1170	40.23	585	0	419	166	2.52
SCAF_194	28863	100	3.46	50	0	37	13	2.85
SCAF_195	28688	1260	43.92	630	0	400	230	1.74
SCAF_196	28688	1314	45.80	657	0	384	273	1.41
SCAF_197	28670	782	27.28	391	0	276	115	2.40
SCAF_198	28585	486	17.00	243	0	179	64	2.80
SCAF_199	28585	970	33.93	485	0	355	130	2.73
SCAF_2	4079479	132744	32.54	66372	0	48156	18216	2.64
SCAF_20	131876	3548	26.90	1774	0	1286	488	2.64
SCAF_200	28563	1140	39.91	570	0	268	302	0.89
SCAF_201	28551	1270	44.48	635	0	397	238	1.67
SCAF_202	28219	926	32.81	463	0	209	254	0.82
SCAF_203	28217	802	28.42	401	0	316	85	3.72
SCAF_204	28187	1530	54.28	765	0	473	292	1.62
SCAF_205	28138	1450	51.53	725	0	211	514	0.41
SCAF_206	28111	790	28.10	395	0	194	201	0.97
SCAF_207	27959	1076	38.48	538	0	369	169	2.18
SCAF_208	27935	10	0.36	5	0	1	4	0.25
SCAF_209	27830	1056	37.94	528	0	246	282	0.87
SCAF_21	130124	3464	26.62	1732	0	1259	473	2.66
SCAF_210	27781	1344	48.38	672	0	265	407	0.65
SCAF_211	27774	1014	36.51	507	0	368	139	2.65
SCAF_212	27772	666	23.98	333	0	223	110	2.03
SCAF_213	27728	776	27.99	388	0	287	101	2.84
SCAF_214	27690	1076	38.86	538	0	244	294	0.83
SCAF_215	27659	0	0.00	0	0	0	0	0
SCAF_216	27637	664	24.03	332	0	249	83	3.00
SCAF_217	27634	1102	39.88	551	0	371	180	2.06
SCAF_218	27594	776	28.12	388	0	257	131	1.96
SCAF_219	27563	1164	42.23	582	0	323	259	1.25
SCAF_22	121580	3884	31.95	1942	0	1357	585	2.32
SCAF_220	27545	766	27.81	383	0	264	119	2.22
SCAF_221	27530	1166	42.35	583	0	280	303	0.92
SCAF_222	27515	928	33.73	464	0	325	139	2.34
SCAF_223	27476	1226	44.62	613	0	356	257	1.39
SCAF_224	27450	1230	44.81	615	0	350	265	1.32
SCAF_225	27344	1306	47.76	653	0	460	193	2.38
SCAF_226	27270	516	18.92	258	0	172	86	2.00
SCAF_227	27232	1126	41.35	563	0	339	224	1.51
SCAF_228	27189	1152	42.37	576	0	329	247	1.33
SCAF_229	27037	868	32.10	434	0	304	130	2.34
SCAF_23	117381	3344	28.49	1672	0	1189	483	2.46
SCAF_230	26948	938	34.81	469	0	365	104	3.51
SCAF_231	26899	938	34.87	469	0	200	269	0.74
SCAF_232	26856	1026	38.20	513	0	253	260	0.97
SCAF_233	26767	1158	43.26	579	0	418	161	2.60
SCAF_234	26700	26	0.97	13	0	8	5	1.60
SCAF_235	26660	4	0.15	2	0	1	1	1.00
SCAF_236	26499	1220	46.04	610	0	145	465	0.31
SCAF_237	26482	288	10.88	144	0	95	49	1.94
SCAF_238	26369	1192	45.20	596	0	330	266	1.24
SCAF_239	26171	1038	39.66	519	0	222	297	0.75
SCAF_24	115879	4456	38.45	2228	0	1598	630	2.54
SCAF_240	26148	1184	45.28	592	0	385	207	1.86
SCAF_241	26131	1092	41.79	546	0	376	170	2.21
SCAF_242	26114	1056	40.44	528	0	138	390	0.35
SCAF_243	26085	1028	39.41	514	0	278	236	1.18
SCAF_244	26060	1482	56.87	741	0	459	282	1.63
SCAF_245	25968	956	36.81	478	0	246	232	1.06
SCAF_246	25946	6	0.23	3	0	1	2	0.50
SCAF_247	25940	924	35.62	462	0	329	133	2.47
SCAF_248	25895	854	32.98	427	0	259	168	1.54
SCAF_249	25885	1138	43.96	569	0	248	321	0.77
SCAF_25	115495	4374	37.87	2187	0	1451	736	1.97
SCAF_250	25884	592	22.87	296	0	215	81	2.65
SCAF_251	25874	1200	46.38	600	0	422	178	2.37
SCAF_252	25864	956	36.96	478	0	289	189	1.53
SCAF_253	25825	960	37.17	480	0	252	228	1.11
SCAF_254	25798	1212	46.98	606	0	385	221	1.74
SCAF_255	25728	1452	56.44	726	0	512	214	2.39
SCAF_256	25725	1056	41.05	528	0	313	215	1.46
SCAF_257	25720	288	11.20	144	0	101	43	2.35
SCAF_258	25700	1132	44.05	566	0	361	205	1.76
SCAF_259	25645	1022	39.85	511	0	337	174	1.94
SCAF_26	113072	2702	23.90	1351	0	972	379	2.56
SCAF_260	25595	966	37.74	483	0	344	139	2.47
SCAF_261	25593	936	36.57	468	0	212	256	0.83
SCAF_262	25592	950	37.12	475	0	272	203	1.34
SCAF_263	25481	718	28.18	359	0	249	110	2.26
SCAF_264	25444	988	38.83	494	0	339	155	2.19
SCAF_265	25436	1260	49.54	630	0	253	377	0.67
SCAF_266	25377	724	28.53	362	0	278	84	3.31
SCAF_267	25340	802	31.65	401	0	293	108	2.71
SCAF_268	25329	1298	51.25	649	0	379	270	1.40
SCAF_269	25264	1178	46.63	589	0	363	226	1.61
SCAF_27	110609	2268	20.50	1134	0	885	249	3.55
SCAF_270	25225	1186	47.02	593	0	238	355	0.67
SCAF_271	25206	1130	44.83	565	0	323	242	1.33
SCAF_272	25161	636	25.28	318	0	212	106	2.00
SCAF_273	25090	1050	41.85	525	0	335	190	1.76
SCAF_274	24834	1258	50.66	629	0	311	318	0.98
SCAF_275	24832	698	28.11	349	0	248	101	2.46
SCAF_276	24811	704	28.37	352	0	272	80	3.40
SCAF_277	24713	496	20.07	248	0	174	74	2.35
SCAF_278	24673	1242	50.34	621	0	202	419	0.48
SCAF_279	24542	902	36.75	451	0	230	221	1.04
SCAF_28	109542	3056	27.90	1528	0	1181	347	3.40
SCAF_280	24528	1104	45.01	552	0	353	199	1.77
SCAF_281	24435	772	31.59	386	0	235	151	1.56
SCAF_282	24359	1144	46.96	572	0	344	228	1.51
SCAF_283	24173	746	30.86	373	0	288	85	3.39
SCAF_284	24152	6	0.25	3	0	1	2	0.50
SCAF_285	24110	1022	42.39	511	0	312	199	1.57
SCAF_286	24066	676	28.09	338	0	217	121	1.79
SCAF_287	23981	784	32.69	392	0	242	150	1.61
SCAF_288	23980	1094	45.62	547	0	291	256	1.14
SCAF_289	23950	1038	43.34	519	0	338	181	1.87
SCAF_29	108319	2966	27.38	1483	0	1079	404	2.67
SCAF_290	23945	964	40.26	482	0	319	163	1.96
SCAF_291	23886	830	34.75	415	0	242	173	1.40
SCAF_292	23860	472	19.78	236	0	151	85	1.78
SCAF_293	23814	836	35.11	418	0	182	236	0.77
SCAF_294	23796	1024	43.03	512	0	150	362	0.41
SCAF_295	23767	910	38.29	455	0	212	243	0.87
SCAF_296	23762	1124	47.30	562	0	324	238	1.36
SCAF_297	23695	590	24.90	295	0	233	62	3.76
SCAF_298	23666	908	38.37	454	0	260	194	1.34
SCAF_299	23648	952	40.26	476	0	356	120	2.97
SCAF_3	3666439	112518	30.69	56259	0	41500	14759	2.81
SCAF_30	107902	5760	53.38	2880	0	1948	932	2.09
SCAF_300	23643	0	0.00	0	0	0	0	0
SCAF_301	23638	1132	47.89	566	0	427	139	3.07
SCAF_302	23633	1064	45.02	532	0	131	401	0.33
SCAF_303	23629	894	37.83	447	0	201	246	0.82
SCAF_304	23571	664	28.17	332	0	247	85	2.91
SCAF_305	23555	582	24.71	291	0	221	70	3.16
SCAF_306	23322	458	19.64	229	0	158	71	2.23
SCAF_307	23295	1070	45.93	535	0	169	366	0.46
SCAF_308	23075	0	0.00	0	0	0	0	0
SCAF_309	23057	930	40.33	465	0	216	249	0.87
SCAF_31	106626	3482	32.66	1741	0	1287	454	2.83
SCAF_310	23011	902	39.20	451	0	204	247	0.83
SCAF_311	22999	712	30.96	356	0	221	135	1.64
SCAF_312	22896	960	41.93	480	0	189	291	0.65
SCAF_313	22877	1086	47.47	543	0	405	138	2.93
SCAF_314	22871	22	0.96	11	0	6	5	1.20
SCAF_315	22844	1066	46.66	533	0	365	168	2.17
SCAF_316	22844	1168	51.13	584	0	372	212	1.75
SCAF_317	22833	1318	57.72	659	0	393	266	1.48
SCAF_318	22713	922	40.59	461	0	282	179	1.58
SCAF_319	22685	890	39.23	445	0	287	158	1.82
SCAF_32	102192	3410	33.37	1705	0	1226	479	2.56
SCAF_320	22653	1084	47.85	542	0	312	230	1.36
SCAF_321	22554	1066	47.26	533	0	272	261	1.04
SCAF_322	22539	948	42.06	474	0	216	258	0.84
SCAF_323	22525	676	30.01	338	0	255	83	3.07
SCAF_324	22489	586	26.06	293	0	223	70	3.19
SCAF_325	22468	608	27.06	304	0	214	90	2.38
SCAF_326	22392	0	0.00	0	0	0	0	0
SCAF_327	22337	784	35.10	392	0	235	157	1.50
SCAF_328	22280	0	0.00	0	0	0	0	0
SCAF_329	22245	922	41.45	461	0	297	164	1.81
SCAF_33	98221	3154	32.11	1577	0	1097	480	2.29
SCAF_330	22040	836	37.93	418	0	256	162	1.58
SCAF_331	22029	830	37.68	415	0	239	176	1.36
SCAF_332	21923	944	43.06	472	0	240	232	1.03
SCAF_333	21867	902	41.25	451	0	357	94	3.80
SCAF_334	21813	902	41.35	451	0	240	211	1.14
SCAF_335	21800	696	31.93	348	0	262	86	3.05
SCAF_336	21691	984	45.36	492	0	320	172	1.86
SCAF_337	21675	832	38.39	416	0	233	183	1.27
SCAF_338	21621	1050	48.56	525	0	319	206	1.55
SCAF_339	21529	1052	48.86	526	0	303	223	1.36
SCAF_34	97882	2898	29.61	1449	0	1072	377	2.84
SCAF_340	21472	926	43.13	463	0	324	139	2.33
SCAF_341	21449	816	38.04	408	0	189	219	0.86
SCAF_342	21444	638	29.75	319	0	238	81	2.94
SCAF_343	21365	932	43.62	466	0	238	228	1.04
SCAF_344	21355	324	15.17	162	0	121	41	2.95
SCAF_345	21334	954	44.72	477	0	221	256	0.86
SCAF_346	21294	0	0.00	0	0	0	0	0
SCAF_347	21288	914	42.93	457	0	267	190	1.41
SCAF_348	21209	264	12.45	132	0	102	30	3.40
SCAF_349	21199	898	42.36	449	0	274	175	1.57
SCAF_35	95705	4776	49.90	2388	0	1372	1016	1.35
SCAF_350	21189	806	38.04	403	0	233	170	1.37
SCAF_351	21106	572	27.10	286	0	207	79	2.62
SCAF_352	21098	500	23.70	250	0	169	81	2.09
SCAF_353	21078	622	29.51	311	0	221	90	2.46
SCAF_354	20991	1050	50.02	525	0	346	179	1.93
SCAF_355	20981	944	44.99	472	0	323	149	2.17
SCAF_356	20980	828	39.47	414	0	181	233	0.78
SCAF_357	20976	828	39.47	414	0	271	143	1.90
SCAF_358	20871	708	33.92	354	0	232	122	1.90
SCAF_359	20831	862	41.38	431	0	282	149	1.89
SCAF_36	94431	1886	19.97	943	0	715	228	3.14
SCAF_360	20777	984	47.36	492	0	301	191	1.58
SCAF_361	20737	858	41.38	429	0	258	171	1.51
SCAF_362	20702	910	43.96	455	0	293	162	1.81
SCAF_363	20586	60	2.91	30	0	18	12	1.50
SCAF_364	20574	836	40.63	418	0	328	90	3.64
SCAF_365	20553	426	20.73	213	0	141	72	1.96
SCAF_366	20522	942	45.90	471	0	339	132	2.57
SCAF_367	20517	736	35.87	368	0	259	109	2.38
SCAF_368	20452	300	14.67	150	0	107	43	2.49
SCAF_369	20438	642	31.41	321	0	248	73	3.40
SCAF_37	92851	2956	31.84	1478	0	1119	359	3.12
SCAF_370	20350	1020	50.12	510	0	304	206	1.48
SCAF_371	20349	1074	52.78	537	0	302	235	1.29
SCAF_372	20285	784	38.65	392	0	329	63	5.22
SCAF_373	20282	972	47.92	486	0	355	131	2.71
SCAF_374	20282	2	0.10	1	0	0	1	0.00
SCAF_375	20179	706	34.99	353	0	208	145	1.43
SCAF_376	20174	764	37.87	382	0	173	209	0.83
SCAF_377	20160	840	41.67	420	0	199	221	0.90
SCAF_378	20157	0	0.00	0	0	0	0	0
SCAF_379	20150	206	10.22	103	0	74	29	2.55
SCAF_38	89142	2250	25.24	1125	0	789	336	2.35
SCAF_380	20140	982	48.76	491	0	298	193	1.54
SCAF_381	20082	852	42.43	426	0	215	211	1.02
SCAF_382	20068	920	45.84	460	0	308	152	2.03
SCAF_383	20052	834	41.59	417	0	277	140	1.98
SCAF_384	20039	396	19.76	198	0	129	69	1.87
SCAF_385	20036	708	35.34	354	0	264	90	2.93
SCAF_386	20004	790	39.49	395	0	182	213	0.85
SCAF_387	19967	834	41.77	417	0	201	216	0.93
SCAF_388	19953	614	30.77	307	0	210	97	2.16
SCAF_389	19874	754	37.94	377	0	251	126	1.99
SCAF_39	88257	3690	41.81	1845	0	1183	662	1.79
SCAF_390	19870	16	0.81	8	0	4	4	1.00
SCAF_391	19819	1078	54.39	539	0	298	241	1.24
SCAF_392	19814	660	33.31	330	0	202	128	1.58
SCAF_393	19805	208	10.50	104	0	75	29	2.59
SCAF_394	19796	798	40.31	399	0	170	229	0.74
SCAF_395	19788	34	1.72	17	0	8	9	0.89
SCAF_396	19769	788	39.86	394	0	181	213	0.85
SCAF_397	19737	636	32.22	318	0	247	71	3.48
SCAF_398	19694	856	43.47	428	0	247	181	1.36
SCAF_399	19627	716	36.48	358	0	160	198	0.81
SCAF_4	2601389	81866	31.47	40933	0	29733	11200	2.65
SCAF_40	85354	2580	30.23	1290	0	949	341	2.78
SCAF_400	19559	750	38.35	375	0	235	140	1.68
SCAF_401	19529	920	47.11	460	0	299	161	1.86
SCAF_402	19485	874	44.86	437	0	279	158	1.77
SCAF_403	19440	622	32.00	311	0	229	82	2.79
SCAF_404	19429	740	38.09	370	0	265	105	2.52
SCAF_405	19412	566	29.16	283	0	189	94	2.01
SCAF_406	19412	828	42.65	414	0	233	181	1.29
SCAF_407	19392	816	42.08	408	0	234	174	1.34
SCAF_408	19383	706	36.42	353	0	219	134	1.63
SCAF_409	19350	900	46.51	450	0	309	141	2.19
SCAF_41	82239	2112	25.68	1056	0	802	254	3.16
SCAF_410	19334	766	39.62	383	0	193	190	1.02
SCAF_411	19319	432	22.36	216	0	123	93	1.32
SCAF_412	19298	522	27.05	261	0	207	54	3.83
SCAF_413	19281	584	30.29	292	0	221	71	3.11
SCAF_414	19250	662	34.39	331	0	254	77	3.30
SCAF_415	19240	842	43.76	421	0	268	153	1.75
SCAF_416	19198	714	37.19	357	0	247	110	2.25
SCAF_417	19156	1074	56.07	537	0	314	223	1.41
SCAF_418	19069	0	0.00	0	0	0	0	0
SCAF_419	19061	218	11.44	109	0	74	35	2.11
SCAF_42	77162	1888	24.47	944	0	711	233	3.05
SCAF_420	19040	978	51.37	489	0	274	215	1.27
SCAF_421	19012	812	42.71	406	0	194	212	0.92
SCAF_422	18950	154	8.13	77	0	62	15	4.13
SCAF_423	18945	870	45.92	435	0	160	275	0.58
SCAF_424	18943	812	42.87	406	0	255	151	1.69
SCAF_425	18932	898	47.43	449	0	277	172	1.61
SCAF_426	18882	732	38.77	366	0	222	144	1.54
SCAF_427	18874	640	33.91	320	0	228	92	2.48
SCAF_428	18866	496	26.29	248	0	191	57	3.35
SCAF_429	18866	710	37.63	355	0	240	115	2.09
SCAF_43	76714	2158	28.13	1079	0	780	299	2.61
SCAF_430	18815	1010	53.68	505	0	222	283	0.78
SCAF_431	18805	554	29.46	277	0	183	94	1.95
SCAF_432	18790	670	35.66	335	0	258	77	3.35
SCAF_433	18773	816	43.47	408	0	253	155	1.63
SCAF_434	18766	558	29.73	279	0	199	80	2.49
SCAF_435	18753	260	13.86	130	0	98	32	3.06
SCAF_436	18746	84	4.48	42	0	34	8	4.25
SCAF_437	18721	902	48.18	451	0	150	301	0.50
SCAF_438	18669	752	40.28	376	0	246	130	1.89
SCAF_439	18588	462	24.85	231	0	170	61	2.79
SCAF_44	76272	2998	39.31	1499	0	1073	426	2.52
SCAF_440	18561	906	48.81	453	0	262	191	1.37
SCAF_441	18530	668	36.05	334	0	244	90	2.71
SCAF_442	18489	880	47.60	440	0	305	135	2.26
SCAF_443	18479	626	33.88	313	0	203	110	1.85
SCAF_444	18424	258	14.00	129	0	89	40	2.23
SCAF_445	18396	768	41.75	384	0	178	206	0.86
SCAF_446	18392	170	9.24	85	0	63	22	2.86
SCAF_447	18255	746	40.87	373	0	208	165	1.26
SCAF_448	18252	676	37.04	338	0	237	101	2.35
SCAF_449	18248	732	40.11	366	0	176	190	0.93
SCAF_45	73110	3336	45.63	1668	0	462	1206	0.38
SCAF_450	18208	700	38.44	350	0	226	124	1.82
SCAF_451	18202	574	31.53	287	0	198	89	2.22
SCAF_452	18192	748	41.12	374	0	225	149	1.51
SCAF_453	18150	614	33.83	307	0	212	95	2.23
SCAF_454	18134	908	50.07	454	0	265	189	1.40
SCAF_455	18114	798	44.05	399	0	253	146	1.73
SCAF_456	18112	716	39.53	358	0	248	110	2.25
SCAF_457	18054	650	36.00	325	0	243	82	2.96
SCAF_458	18006	702	38.99	351	0	166	185	0.90
SCAF_459	18000	806	44.78	403	0	216	187	1.16
SCAF_46	72118	2444	33.89	1222	0	900	322	2.80
SCAF_460	17967	576	32.06	288	0	215	73	2.95
SCAF_461	17943	708	39.46	354	0	208	146	1.42
SCAF_462	17929	746	41.61	373	0	259	114	2.27
SCAF_463	17921	528	29.46	264	0	137	127	1.08
SCAF_464	17913	738	41.20	369	0	183	186	0.98
SCAF_465	17912	646	36.07	323	0	176	147	1.20
SCAF_466	17886	376	21.02	188	0	117	71	1.65
SCAF_467	17859	378	21.17	189	0	144	45	3.20
SCAF_468	17837	538	30.16	269	0	197	72	2.74
SCAF_469	17802	656	36.85	328	0	188	140	1.34
SCAF_47	70166	2056	29.30	1028	0	750	278	2.70
SCAF_470	17776	482	27.12	241	0	175	66	2.65
SCAF_471	17682	772	43.66	386	0	230	156	1.47
SCAF_472	17646	452	25.61	226	0	169	57	2.96
SCAF_473	17646	294	16.66	147	0	106	41	2.59
SCAF_474	17642	14	0.79	7	0	3	4	0.75
SCAF_475	17613	36	2.04	18	0	9	9	1.00
SCAF_476	17602	800	45.45	400	0	250	150	1.67
SCAF_477	17571	688	39.16	344	0	206	138	1.49
SCAF_478	17535	722	41.17	361	0	186	175	1.06
SCAF_479	17528	560	31.95	280	0	149	131	1.14
SCAF_48	69627	2460	35.33	1230	0	866	364	2.38
SCAF_480	17503	690	39.42	345	0	182	163	1.12
SCAF_481	17502	738	42.17	369	0	234	135	1.73
SCAF_482	17480	948	54.23	474	0	284	190	1.49
SCAF_483	17476	820	46.92	410	0	262	148	1.77
SCAF_484	17457	420	24.06	210	0	150	60	2.50
SCAF_485	17386	684	39.34	342	0	167	175	0.95
SCAF_486	17362	802	46.19	401	0	235	166	1.42
SCAF_487	17332	684	39.46	342	0	166	176	0.94
SCAF_488	17327	780	45.02	390	0	201	189	1.06
SCAF_489	17303	552	31.90	276	0	127	149	0.85
SCAF_49	69624	2342	33.64	1171	0	790	381	2.07
SCAF_490	17273	782	45.27	391	0	115	276	0.42
SCAF_491	17245	934	54.16	467	0	301	166	1.81
SCAF_492	17239	726	42.11	363	0	105	258	0.41
SCAF_493	17219	556	32.29	278	0	129	149	0.87
SCAF_494	17218	622	36.12	311	0	167	144	1.16
SCAF_495	17211	910	52.87	455	0	305	150	2.03
SCAF_496	17198	878	51.05	439	0	152	287	0.53
SCAF_497	17190	784	45.61	392	0	219	173	1.27
SCAF_498	17162	420	24.47	210	0	147	63	2.33
SCAF_499	17147	706	41.17	353	0	184	169	1.09
SCAF_5	2032088	65008	31.99	32504	0	23646	8858	2.67
SCAF_50	68258	2348	34.40	1174	0	841	333	2.53
SCAF_500	17144	690	40.25	345	0	188	157	1.20
SCAF_501	17142	576	33.60	288	0	170	118	1.44
SCAF_502	17124	480	28.03	240	0	181	59	3.07
SCAF_503	17118	2	0.12	1	0	0	1	0.00
SCAF_504	17076	234	13.70	117	0	98	19	5.16
SCAF_505	17047	26	1.53	13	0	3	10	0.30
SCAF_506	17043	318	18.66	159	0	117	42	2.79
SCAF_507	17035	506	29.70	253	0	177	76	2.33
SCAF_508	17021	540	31.73	270	0	197	73	2.70
SCAF_509	16971	656	38.65	328	0	157	171	0.92
SCAF_51	66966	1376	20.55	688	0	517	171	3.02
SCAF_510	16897	470	27.82	235	0	162	73	2.22
SCAF_511	16849	726	43.09	363	0	215	148	1.45
SCAF_512	16807	698	41.53	349	0	213	136	1.57
SCAF_513	16787	642	38.24	321	0	185	136	1.36
SCAF_514	16784	802	47.78	401	0	181	220	0.82
SCAF_515	16776	690	41.13	345	0	189	156	1.21
SCAF_516	16745	584	34.88	292	0	222	70	3.17
SCAF_517	16741	578	34.53	289	0	122	167	0.73
SCAF_518	16733	538	32.15	269	0	190	79	2.41
SCAF_519	16710	672	40.22	336	0	189	147	1.29
SCAF_52	66855	1434	21.45	717	0	482	235	2.05
SCAF_520	16702	2	0.12	1	0	0	1	0.00
SCAF_521	16701	820	49.10	410	0	258	152	1.70
SCAF_522	16645	868	52.15	434	0	321	113	2.84
SCAF_523	16623	584	35.13	292	0	148	144	1.03
SCAF_524	16568	490	29.58	245	0	163	82	1.99
SCAF_525	16548	726	43.87	363	0	216	147	1.47
SCAF_526	16541	800	48.36	400	0	107	293	0.37
SCAF_527	16518	28	1.70	14	0	6	8	0.75
SCAF_528	16510	686	41.55	343	0	114	229	0.50
SCAF_529	16492	464	28.13	232	0	170	62	2.74
SCAF_53	65552	1760	26.85	880	0	632	248	2.55
SCAF_530	16462	322	19.56	161	0	130	31	4.19
SCAF_531	16461	732	44.47	366	0	237	129	1.84
SCAF_532	16447	488	29.67	244	0	176	68	2.59
SCAF_533	16383	608	37.11	304	0	220	84	2.62
SCAF_534	16345	634	38.79	317	0	148	169	0.88
SCAF_535	16343	796	48.71	398	0	274	124	2.21
SCAF_536	16333	798	48.86	399	0	264	135	1.96
SCAF_537	16287	350	21.49	175	0	118	57	2.07
SCAF_538	16266	826	50.78	413	0	206	207	1.00
SCAF_539	16246	720	44.32	360	0	246	114	2.16
SCAF_54	65267	1448	22.19	724	0	545	179	3.04
SCAF_540	16245	818	50.35	409	0	248	161	1.54
SCAF_541	16215	694	42.80	347	0	202	145	1.39
SCAF_542	16208	420	25.91	210	0	142	68	2.09
SCAF_543	16160	650	40.22	325	0	152	173	0.88
SCAF_544	16140	588	36.43	294	0	190	104	1.83
SCAF_545	16102	780	48.44	390	0	259	131	1.98
SCAF_546	16083	626	38.92	313	0	176	137	1.28
SCAF_547	16037	750	46.77	375	0	251	124	2.02
SCAF_548	16034	646	40.29	323	0	206	117	1.76
SCAF_549	16030	708	44.17	354	0	237	117	2.03
SCAF_55	65114	1994	30.62	997	0	731	266	2.75
SCAF_550	16027	794	49.54	397	0	263	134	1.96
SCAF_551	15990	376	23.51	188	0	142	46	3.09
SCAF_552	15913	548	34.44	274	0	211	63	3.35
SCAF_553	15906	404	25.40	202	0	153	49	3.12
SCAF_554	15898	736	46.30	368	0	181	187	0.97
SCAF_555	15891	638	40.15	319	0	179	140	1.28
SCAF_556	15885	662	41.67	331	0	173	158	1.09
SCAF_557	15855	696	43.90	348	0	216	132	1.64
SCAF_558	15839	658	41.54	329	0	207	122	1.70
SCAF_559	15827	558	35.26	279	0	139	140	0.99
SCAF_56	62812	2080	33.11	1040	0	742	298	2.49
SCAF_560	15823	392	24.77	196	0	149	47	3.17
SCAF_561	15791	578	36.60	289	0	138	151	0.91
SCAF_562	15777	14	0.89	7	0	5	2	2.50
SCAF_563	15776	446	28.27	223	0	163	60	2.72
SCAF_564	15761	700	44.41	350	0	97	253	0.38
SCAF_565	15717	720	45.81	360	0	189	171	1.11
SCAF_566	15706	632	40.24	316	0	206	110	1.87
SCAF_567	15696	638	40.65	319	0	186	133	1.40
SCAF_568	15657	588	37.56	294	0	126	168	0.75
SCAF_569	15650	438	27.99	219	0	171	48	3.56
SCAF_57	62187	1814	29.17	907	0	678	229	2.96
SCAF_570	15646	624	39.88	312	0	234	78	3.00
SCAF_571	15619	610	39.05	305	0	191	114	1.68
SCAF_572	15612	696	44.58	348	0	206	142	1.45
SCAF_573	15605	666	42.68	333	0	195	138	1.41
SCAF_574	15575	534	34.29	267	0	198	69	2.87
SCAF_575	15573	436	28.00	218	0	132	86	1.53
SCAF_576	15571	710	45.60	355	0	232	123	1.89
SCAF_577	15544	592	38.09	296	0	152	144	1.06
SCAF_578	15521	420	27.06	210	0	130	80	1.62
SCAF_579	15497	726	46.85	363	0	202	161	1.25
SCAF_58	61544	2600	42.25	1300	0	707	593	1.19
SCAF_580	15481	540	34.88	270	0	127	143	0.89
SCAF_581	15458	408	26.39	204	0	158	46	3.43
SCAF_582	15439	462	29.92	231	0	161	70	2.30
SCAF_583	15421	634	41.11	317	0	259	58	4.47
SCAF_584	15337	842	54.90	421	0	285	136	2.10
SCAF_585	15336	650	42.38	325	0	194	131	1.48
SCAF_586	15301	610	39.87	305	0	174	131	1.33
SCAF_587	15300	216	14.12	108	0	87	21	4.14
SCAF_588	15298	610	39.87	305	0	155	150	1.03
SCAF_589	15238	538	35.31	269	0	204	65	3.14
SCAF_59	61533	1492	24.25	746	0	561	185	3.03
SCAF_590	15205	330	21.70	165	0	120	45	2.67
SCAF_591	15162	246	16.22	123	0	90	33	2.73
SCAF_592	15154	500	32.99	250	0	98	152	0.64
SCAF_593	15087	720	47.72	360	0	156	204	0.76
SCAF_594	15082	316	20.95	158	0	123	35	3.51
SCAF_595	15055	524	34.81	262	0	183	79	2.32
SCAF_596	15045	870	57.83	435	0	253	182	1.39
SCAF_597	15030	610	40.59	305	0	89	216	0.41
SCAF_598	15027	608	40.46	304	0	199	105	1.90
SCAF_599	15000	354	23.60	177	0	142	35	4.06
SCAF_6	1976889	64530	32.64	32265	0	23353	8912	2.62
SCAF_60	61411	1550	25.24	775	0	550	225	2.44
SCAF_600	14995	668	44.55	334	0	242	92	2.63
SCAF_601	14985	352	23.49	176	0	136	40	3.40
SCAF_602	14930	652	43.67	326	0	145	181	0.80
SCAF_603	14898	498	33.43	249	0	124	125	0.99
SCAF_604	14863	670	45.08	335	0	173	162	1.07
SCAF_605	14840	738	49.73	369	0	229	140	1.64
SCAF_606	14808	408	27.55	204	0	111	93	1.19
SCAF_607	14807	382	25.80	191	0	146	45	3.24
SCAF_608	14785	606	40.99	303	0	206	97	2.12
SCAF_609	14742	36	2.44	18	0	15	3	5.00
SCAF_61	61115	1768	28.93	884	0	668	216	3.09
SCAF_610	14738	630	42.75	315	0	170	145	1.17
SCAF_611	14737	184	12.49	92	0	65	27	2.41
SCAF_612	14712	8	0.54	4	0	1	3	0.33
SCAF_613	14708	346	23.52	173	0	124	49	2.53
SCAF_614	14694	336	22.87	168	0	117	51	2.29
SCAF_615	14684	654	44.54	327	0	183	144	1.27
SCAF_616	14676	534	36.39	267	0	176	91	1.93
SCAF_617	14662	558	38.06	279	0	215	64	3.36
SCAF_618	14658	654	44.62	327	0	167	160	1.04
SCAF_619	14650	514	35.09	257	0	182	75	2.43
SCAF_62	59972	2008	33.48	1004	0	702	302	2.32
SCAF_620	14639	488	33.34	244	0	183	61	3.00
SCAF_621	14614	396	27.10	198	0	99	99	1.00
SCAF_622	14596	660	45.22	330	0	256	74	3.46
SCAF_623	14590	646	44.28	323	0	249	74	3.36
SCAF_624	14581	538	36.90	269	0	174	95	1.83
SCAF_625	14547	560	38.50	280	0	221	59	3.75
SCAF_626	14527	628	43.23	314	0	180	134	1.34
SCAF_627	14523	650	44.76	325	0	160	165	0.97
SCAF_628	14498	340	23.45	170	0	99	71	1.39
SCAF_629	14453	598	41.38	299	0	165	134	1.23
SCAF_63	59743	2916	48.81	1458	0	909	549	1.66
SCAF_630	14414	400	27.75	200	0	117	83	1.41
SCAF_631	14395	618	42.93	309	0	157	152	1.03
SCAF_632	14385	658	45.74	329	0	88	241	0.37
SCAF_633	14371	596	41.47	298	0	187	111	1.68
SCAF_634	14371	516	35.91	258	0	154	104	1.48
SCAF_635	14280	582	40.76	291	0	186	105	1.77
SCAF_636	14276	570	39.93	285	0	150	135	1.11
SCAF_637	14236	312	21.92	156	0	97	59	1.64
SCAF_638	14229	612	43.01	306	0	166	140	1.19
SCAF_639	14202	578	40.70	289	0	165	124	1.33
SCAF_64	58841	2076	35.28	1038	0	740	298	2.48
SCAF_640	14111	724	51.31	362	0	258	104	2.48
SCAF_641	14088	496	35.21	248	0	116	132	0.88
SCAF_642	14005	596	42.56	298	0	125	173	0.72
SCAF_643	13977	8	0.57	4	0	2	2	1.00
SCAF_644	13890	676	48.67	338	0	218	120	1.82
SCAF_645	13875	608	43.82	304	0	117	187	0.63
SCAF_646	13874	318	22.92	159	0	112	47	2.38
SCAF_647	13848	548	39.57	274	0	145	129	1.12
SCAF_648	13847	614	44.34	307	0	192	115	1.67
SCAF_649	13838	488	35.27	244	0	167	77	2.17
SCAF_65	58838	2080	35.35	1040	0	755	285	2.65
SCAF_650	13812	574	41.56	287	0	190	97	1.96
SCAF_651	13758	198	14.39	99	0	72	27	2.67
SCAF_652	13727	624	45.46	312	0	147	165	0.89
SCAF_653	13703	460	33.57	230	0	144	86	1.67
SCAF_654	13701	552	40.29	276	0	166	110	1.51
SCAF_655	13677	656	47.96	328	0	218	110	1.98
SCAF_656	13622	620	45.51	310	0	156	154	1.01
SCAF_657	13584	656	48.29	328	0	229	99	2.31
SCAF_658	13583	578	42.55	289	0	141	148	0.95
SCAF_659	13535	588	43.44	294	0	140	154	0.91
SCAF_66	58483	1618	27.67	809	0	548	261	2.10
SCAF_660	13535	656	48.47	328	0	180	148	1.22
SCAF_661	13499	668	49.49	334	0	185	149	1.24
SCAF_662	13464	498	36.99	249	0	175	74	2.36
SCAF_663	13438	500	37.21	250	0	211	39	5.41
SCAF_664	13385	16	1.20	8	0	3	5	0.60
SCAF_665	13357	626	46.87	313	0	203	110	1.85
SCAF_666	13330	614	46.06	307	0	166	141	1.18
SCAF_667	13327	550	41.27	275	0	199	76	2.62
SCAF_668	13319	534	40.09	267	0	186	81	2.30
SCAF_669	13303	576	43.30	288	0	172	116	1.48
SCAF_67	57162	1400	24.49	700	0	545	155	3.52
SCAF_670	13293	546	41.07	273	0	97	176	0.55
SCAF_671	13288	372	28.00	186	0	139	47	2.96
SCAF_672	13266	498	37.54	249	0	125	124	1.01
SCAF_673	13189	274	20.77	137	0	99	38	2.61
SCAF_674	13149	368	27.99	184	0	139	45	3.09
SCAF_675	13128	488	37.17	244	0	175	69	2.54
SCAF_676	13120	128	9.76	64	0	45	19	2.37
SCAF_677	13080	606	46.33	303	0	196	107	1.83
SCAF_678	13050	516	39.54	258	0	132	126	1.05
SCAF_679	13043	596	45.70	298	0	177	121	1.46
SCAF_68	56404	2082	36.91	1041	0	820	221	3.71
SCAF_680	13008	562	43.20	281	0	174	107	1.63
SCAF_681	13001	422	32.46	211	0	138	73	1.89
SCAF_682	12997	416	32.01	208	0	155	53	2.92
SCAF_683	12986	548	42.20	274	0	127	147	0.86
SCAF_684	12871	652	50.66	326	0	210	116	1.81
SCAF_685	12842	648	50.46	324	0	165	159	1.04
SCAF_686	12830	492	38.35	246	0	175	71	2.46
SCAF_687	12781	570	44.60	285	0	136	149	0.91
SCAF_688	12768	400	31.33	200	0	157	43	3.65
SCAF_689	12768	522	40.88	261	0	125	136	0.92
SCAF_69	55942	2440	43.62	1220	0	647	573	1.13
SCAF_690	12764	480	37.61	240	0	136	104	1.31
SCAF_691	12677	488	38.49	244	0	166	78	2.13
SCAF_692	12675	484	38.19	242	0	152	90	1.69
SCAF_693	12651	612	48.38	306	0	196	110	1.78
SCAF_694	12646	348	27.52	174	0	122	52	2.35
SCAF_695	12643	242	19.14	121	0	92	29	3.17
SCAF_696	12633	450	35.62	225	0	127	98	1.30
SCAF_697	12625	602	47.68	301	0	130	171	0.76
SCAF_698	12617	454	35.98	227	0	157	70	2.24
SCAF_699	12540	512	40.83	256	0	152	104	1.46
SCAF_7	1932263	64626	33.45	32313	0	23862	8451	2.82
SCAF_70	55722	1780	31.94	890	0	644	246	2.62
SCAF_700	12515	908	72.55	454	0	326	128	2.55
SCAF_701	12482	540	43.26	270	0	159	111	1.43
SCAF_702	12461	510	40.93	255	0	186	69	2.70
SCAF_703	12456	470	37.73	235	0	188	47	4.00
SCAF_704	12456	362	29.06	181	0	134	47	2.85
SCAF_705	12358	368	29.78	184	0	126	58	2.17
SCAF_706	12350	408	33.04	204	0	140	64	2.19
SCAF_707	12343	556	45.05	278	0	184	94	1.96
SCAF_708	12333	486	39.41	243	0	146	97	1.51
SCAF_709	12319	14	1.14	7	0	4	3	1.33
SCAF_71	55604	1782	32.05	891	0	689	202	3.41
SCAF_710	12288	436	35.48	218	0	132	86	1.53
SCAF_711	12252	382	31.18	191	0	144	47	3.06
SCAF_712	12218	756	61.88	378	0	235	143	1.64
SCAF_713	12177	256	21.02	128	0	109	19	5.74
SCAF_714	12167	570	46.85	285	0	182	103	1.77
SCAF_715	12163	250	20.55	125	0	54	71	0.76
SCAF_716	12143	398	32.78	199	0	86	113	0.76
SCAF_717	12102	390	32.23	195	0	144	51	2.82
SCAF_718	12099	478	39.51	239	0	108	131	0.82
SCAF_719	12095	500	41.34	250	0	144	106	1.36
SCAF_72	54709	2628	48.04	1314	0	461	853	0.54
SCAF_720	12085	612	50.64	306	0	207	99	2.09
SCAF_721	12078	530	43.88	265	0	184	81	2.27
SCAF_722	12066	486	40.28	243	0	200	43	4.65
SCAF_723	12015	456	37.95	228	0	95	133	0.71
SCAF_724	12004	444	36.99	222	0	136	86	1.58
SCAF_725	11949	498	41.68	249	0	154	95	1.62
SCAF_726	11911	636	53.40	318	0	215	103	2.09
SCAF_727	11900	418	35.13	209	0	120	89	1.35
SCAF_728	11869	334	28.14	167	0	111	56	1.98
SCAF_729	11788	362	30.71	181	0	132	49	2.69
SCAF_73	52157	2766	53.03	1383	0	580	803	0.72
SCAF_730	11785	320	27.15	160	0	122	38	3.21
SCAF_731	11750	506	43.06	253	0	83	170	0.49
SCAF_732	11699	548	46.84	274	0	214	60	3.57
SCAF_733	11674	536	45.91	268	0	145	123	1.18
SCAF_734	11658	518	44.43	259	0	144	115	1.25
SCAF_735	11648	336	28.85	168	0	127	41	3.10
SCAF_736	11642	472	40.54	236	0	107	129	0.83
SCAF_737	11612	388	33.41	194	0	116	78	1.49
SCAF_738	11595	450	38.81	225	0	145	80	1.81
SCAF_739	11525	582	50.50	291	0	178	113	1.58
SCAF_74	52077	1666	31.99	833	0	568	265	2.14
SCAF_740	11505	430	37.38	215	0	82	133	0.62
SCAF_741	11492	474	41.25	237	0	128	109	1.17
SCAF_742	11467	22	1.92	11	0	5	6	0.83
SCAF_743	11404	376	32.97	188	0	121	67	1.81
SCAF_744	11377	528	46.41	264	0	186	78	2.38
SCAF_745	11364	490	43.12	245	0	130	115	1.13
SCAF_746	11318	402	35.52	201	0	136	65	2.09
SCAF_747	11311	636	56.23	318	0	212	106	2.00
SCAF_748	11306	324	28.66	162	0	126	36	3.50
SCAF_749	11299	468	41.42	234	0	175	59	2.97
SCAF_75	51185	1522	29.74	761	0	537	224	2.40
SCAF_750	11284	568	50.34	284	0	197	87	2.26
SCAF_751	11276	610	54.10	305	0	194	111	1.75
SCAF_752	11267	504	44.73	252	0	172	80	2.15
SCAF_753	11254	482	42.83	241	0	150	91	1.65
SCAF_754	11236	432	38.45	216	0	128	88	1.45
SCAF_755	11231	458	40.78	229	0	97	132	0.73
SCAF_756	11200	304	27.14	152	0	113	39	2.90
SCAF_757	11195	586	52.34	293	0	148	145	1.02
SCAF_758	11126	558	50.15	279	0	186	93	2.00
SCAF_759	11118	388	34.90	194	0	79	115	0.69
SCAF_76	50428	12	0.24	6	0	5	1	5.00
SCAF_760	11100	566	50.99	283	0	208	75	2.77
SCAF_761	11097	446	40.19	223	0	138	85	1.62
SCAF_762	11029	368	33.37	184	0	115	69	1.67
SCAF_763	11019	110	9.98	55	0	36	19	1.89
SCAF_764	10979	180	16.39	90	0	67	23	2.91
SCAF_765	10957	540	49.28	270	0	177	93	1.90
SCAF_766	10940	458	41.86	229	0	116	113	1.03
SCAF_767	10913	410	37.57	205	0	167	38	4.39
SCAF_768	10886	178	16.35	89	0	67	22	3.05
SCAF_769	10867	406	37.36	203	0	103	100	1.03
SCAF_77	50384	386	7.66	193	0	133	60	2.22
SCAF_770	10816	536	49.56	268	0	200	68	2.94
SCAF_771	10810	462	42.74	231	0	130	101	1.29
SCAF_772	10709	430	40.15	215	0	122	93	1.31
SCAF_773	10688	368	34.43	184	0	124	60	2.07
SCAF_774	10648	330	30.99	165	0	125	40	3.12
SCAF_775	10642	360	33.83	180	0	91	89	1.02
SCAF_776	10612	342	32.23	171	0	99	72	1.38
SCAF_777	10608	188	17.72	94	0	58	36	1.61
SCAF_778	10604	466	43.95	233	0	129	104	1.24
SCAF_779	10578	512	48.40	256	0	142	114	1.25
SCAF_78	49366	1886	38.20	943	0	637	306	2.08
SCAF_780	10571	356	33.68	178	0	104	74	1.41
SCAF_781	10511	554	52.71	277	0	220	57	3.86
SCAF_782	10492	454	43.27	227	0	109	118	0.92
SCAF_783	10421	396	38.00	198	0	81	117	0.69
SCAF_784	10379	162	15.61	81	0	62	19	3.26
SCAF_785	10337	400	38.70	200	0	123	77	1.60
SCAF_786	10326	420	40.67	210	0	121	89	1.36
SCAF_787	10326	488	47.26	244	0	166	78	2.13
SCAF_788	10316	358	34.70	179	0	107	72	1.49
SCAF_789	10256	162	15.80	81	0	41	40	1.02
SCAF_79	49160	1382	28.11	691	0	501	190	2.64
SCAF_790	10228	356	34.81	178	0	120	58	2.07
SCAF_791	10185	376	36.92	188	0	76	112	0.68
SCAF_792	10184	386	37.90	193	0	107	86	1.24
SCAF_793	10160	158	15.55	79	0	52	27	1.93
SCAF_794	10147	360	35.48	180	0	107	73	1.47
SCAF_795	10110	282	27.89	141	0	114	27	4.22
SCAF_796	10045	434	43.21	217	0	150	67	2.24
SCAF_797	10015	398	39.74	199	0	141	58	2.43
SCAF_798	10012	450	44.95	225	0	103	122	0.84
SCAF_799	9978	134	13.43	67	0	45	22	2.05
SCAF_8	1669080	51514	30.86	25757	0	18655	7102	2.63
SCAF_80	48966	1838	37.54	919	0	641	278	2.31
SCAF_800	9947	318	31.97	159	0	122	37	3.30
SCAF_801	9941	408	41.04	204	0	115	89	1.29
SCAF_802	9910	360	36.33	180	0	120	60	2.00
SCAF_803	9879	406	41.10	203	0	118	85	1.39
SCAF_804	9861	282	28.60	141	0	112	29	3.86
SCAF_805	9859	388	39.35	194	0	113	81	1.40
SCAF_806	9855	452	45.87	226	0	111	115	0.97
SCAF_807	9792	514	52.49	257	0	119	138	0.86
SCAF_808	9784	402	41.09	201	0	82	119	0.69
SCAF_809	9773	260	26.60	130	0	101	29	3.48
SCAF_81	48848	1872	38.32	936	0	556	380	1.46
SCAF_810	9756	540	55.35	270	0	185	85	2.18
SCAF_811	9753	394	40.40	197	0	130	67	1.94
SCAF_812	9719	384	39.51	192	0	134	58	2.31
SCAF_813	9715	354	36.44	177	0	126	51	2.47
SCAF_814	9708	444	45.74	222	0	147	75	1.96
SCAF_815	9700	380	39.18	190	0	117	73	1.60
SCAF_816	9673	376	38.87	188	0	117	71	1.65
SCAF_817	9638	296	30.71	148	0	52	96	0.54
SCAF_818	9601	416	43.33	208	0	127	81	1.57
SCAF_819	9601	360	37.50	180	0	88	92	0.96
SCAF_82	48542	1108	22.83	554	0	452	102	4.43
SCAF_820	9550	48	5.03	24	0	14	10	1.40
SCAF_821	9533	404	42.38	202	0	112	90	1.24
SCAF_822	9498	396	41.69	198	0	110	88	1.25
SCAF_823	9466	0	0.00	0	0	0	0	0
SCAF_824	9457	246	26.01	123	0	65	58	1.12
SCAF_825	9446	218	23.08	109	0	82	27	3.04
SCAF_826	9385	288	30.69	144	0	88	56	1.57
SCAF_827	9376	170	18.13	85	0	61	24	2.54
SCAF_828	9365	432	46.13	216	0	144	72	2.00
SCAF_829	9320	202	21.67	101	0	73	28	2.61
SCAF_83	48542	2340	48.21	1170	0	423	747	0.57
SCAF_830	9303	364	39.13	182	0	107	75	1.43
SCAF_831	9295	160	17.21	80	0	52	28	1.86
SCAF_832	9282	424	45.68	212	0	125	87	1.44
SCAF_833	9263	212	22.89	106	0	68	38	1.79
SCAF_834	9159	146	15.94	73	0	46	27	1.70
SCAF_835	9159	360	39.31	180	0	85	95	0.89
SCAF_836	9157	368	40.19	184	0	129	55	2.35
SCAF_837	9095	426	46.84	213	0	147	66	2.23
SCAF_838	9078	282	31.06	141	0	102	39	2.62
SCAF_839	9057	90	9.94	45	0	26	19	1.37
SCAF_84	47775	1992	41.70	996	0	604	392	1.54
SCAF_840	9014	462	51.25	231	0	155	76	2.04
SCAF_841	8986	226	25.15	113	0	83	30	2.77
SCAF_842	8986	220	24.48	110	0	68	42	1.62
SCAF_843	8952	106	11.84	53	0	28	25	1.12
SCAF_844	8935	208	23.28	104	0	73	31	2.35
SCAF_845	8927	242	27.11	121	0	87	34	2.56
SCAF_846	8908	186	20.88	93	0	59	34	1.74
SCAF_847	8868	340	38.34	170	0	117	53	2.21
SCAF_848	8867	292	32.93	146	0	79	67	1.18
SCAF_849	8825	240	27.20	120	0	83	37	2.24
SCAF_85	47318	1652	34.91	826	0	569	257	2.21
SCAF_850	8771	384	43.78	192	0	107	85	1.26
SCAF_851	8703	346	39.76	173	0	77	96	0.80
SCAF_852	8695	354	40.71	177	0	128	49	2.61
SCAF_853	8662	18	2.08	9	0	6	3	2.00
SCAF_854	8634	344	39.84	172	0	100	72	1.39
SCAF_855	8630	396	45.89	198	0	127	71	1.79
SCAF_856	8617	0	0.00	0	0	0	0	0
SCAF_857	8469	352	41.56	176	0	97	79	1.23
SCAF_858	8431	332	39.38	166	0	125	41	3.05
SCAF_859	8397	262	31.20	131	0	82	49	1.67
SCAF_86	46994	1204	25.62	602	0	421	181	2.33
SCAF_860	8390	254	30.27	127	0	100	27	3.70
SCAF_861	8357	482	57.68	241	0	160	81	1.98
SCAF_862	8342	194	23.26	97	0	73	24	3.04
SCAF_863	8337	336	40.30	168	0	99	69	1.43
SCAF_864	8258	224	27.13	112	0	74	38	1.95
SCAF_865	8103	320	39.49	160	0	123	37	3.32
SCAF_866	8034	154	19.17	77	0	52	25	2.08
SCAF_867	8027	238	29.65	119	0	81	38	2.13
SCAF_868	8017	326	40.66	163	0	98	65	1.51
SCAF_869	8015	154	19.21	77	0	57	20	2.85
SCAF_87	46805	1486	31.75	743	0	541	202	2.68
SCAF_870	8015	236	29.44	118	0	52	66	0.79
SCAF_871	8000	332	41.50	166	0	105	61	1.72
SCAF_872	7790	336	43.13	168	0	108	60	1.80
SCAF_873	7773	280	36.02	140	0	87	53	1.64
SCAF_874	7763	186	23.96	93	0	67	26	2.58
SCAF_875	7721	300	38.86	150	0	105	45	2.33
SCAF_876	7701	54	7.01	27	0	21	6	3.50
SCAF_877	7680	328	42.71	164	0	109	55	1.98
SCAF_878	7622	372	48.81	186	0	116	70	1.66
SCAF_879	7582	318	41.94	159	0	122	37	3.30
SCAF_88	46738	1992	42.62	996	0	474	522	0.91
SCAF_880	7559	188	24.87	94	0	69	25	2.76
SCAF_881	7416	196	26.43	98	0	80	18	4.44
SCAF_882	7394	222	30.02	111	0	76	35	2.17
SCAF_883	7363	252	34.23	126	0	87	39	2.23
SCAF_884	7338	336	45.79	168	0	83	85	0.98
SCAF_885	7324	432	58.98	216	0	142	74	1.92
SCAF_886	7276	88	12.09	44	0	28	16	1.75
SCAF_887	7242	202	27.89	101	0	59	42	1.40
SCAF_888	7231	386	53.38	193	0	138	55	2.51
SCAF_889	7198	240	33.34	120	0	66	54	1.22
SCAF_89	46547	1296	27.84	648	0	419	229	1.83
SCAF_890	7142	352	49.29	176	0	108	68	1.59
SCAF_891	7028	328	46.67	164	0	107	57	1.88
SCAF_892	7025	316	44.98	158	0	102	56	1.82
SCAF_893	7015	296	42.20	148	0	84	64	1.31
SCAF_894	6958	264	37.94	132	0	49	83	0.59
SCAF_895	6948	338	48.65	169	0	116	53	2.19
SCAF_896	6829	22	3.22	11	0	5	6	0.83
SCAF_897	6804	326	47.91	163	0	106	57	1.86
SCAF_898	6754	150	22.21	75	0	55	20	2.75
SCAF_899	6732	250	37.14	125	0	62	63	0.98
SCAF_9	1646134	53444	32.47	26722	0	19355	7367	2.63
SCAF_90	46221	1920	41.54	960	0	577	383	1.51
SCAF_900	6698	44	6.57	22	0	17	5	3.40
SCAF_901	6642	236	35.53	118	0	53	65	0.82
SCAF_902	6588	110	16.70	55	0	33	22	1.50
SCAF_903	6549	214	32.68	107	0	74	33	2.24
SCAF_904	6496	244	37.56	122	0	66	56	1.18
SCAF_905	6483	234	36.09	117	0	76	41	1.85
SCAF_906	6367	282	44.29	141	0	76	65	1.17
SCAF_907	6367	176	27.64	88	0	67	21	3.19
SCAF_908	6228	2	0.32	1	0	0	1	0.00
SCAF_909	6173	168	27.22	84	0	67	17	3.94
SCAF_91	44916	1442	32.10	721	0	516	205	2.52
SCAF_910	6170	160	25.93	80	0	47	33	1.42
SCAF_911	6077	0	0.00	0	0	0	0	0
SCAF_912	6073	0	0.00	0	0	0	0	0
SCAF_913	6059	0	0.00	0	0	0	0	0
SCAF_914	6001	0	0.00	0	0	0	0	0
SCAF_915	5869	0	0.00	0	0	0	0	0
SCAF_916	5803	0	0.00	0	0	0	0	0
SCAF_917	5661	0	0.00	0	0	0	0	0
SCAF_918	5277	0	0.00	0	0	0	0	0
SCAF_92	44616	16	0.36	8	0	2	6	0.33
SCAF_93	44136	1662	37.66	831	0	566	265	2.14
SCAF_94	43913	1506	34.30	753	0	478	275	1.74
SCAF_95	43808	1830	41.77	915	0	514	401	1.28
SCAF_96	43342	1352	31.19	676	0	478	198	2.41
SCAF_97	43038	68	1.58	34	0	16	18	0.89
SCAF_98	42896	1732	40.38	866	0	600	266	2.26
SCAF_99	42178	1170	27.74	585	0	415	170	2.44
Totals	51514314	1663856	32.30	831928	0	569125	262803	2.17
