Chromosome	Length	Total Variants	VarPerKb	SNP	INDEL	Ts	Tv	Ts/Tv
SCAF_1	5574741	1322240	237.18	0	661120	82693	53003	1.56
SCAF_10	1570817	359250	228.70	0	179625	20787	15381	1.35
SCAF_100	41993	3622	86.25	0	1811	110	165	0.67
SCAF_101	41585	6816	163.91	0	3408	378	347	1.09
SCAF_102	41267	64	1.55	0	32	0	0	0
SCAF_103	41164	4852	117.87	0	2426	192	201	0.96
SCAF_104	40984	7946	193.88	0	3973	240	490	0.49
SCAF_105	40971	2440	59.55	0	1220	119	98	1.21
SCAF_106	40689	6088	149.62	0	3044	378	332	1.14
SCAF_107	40038	2882	71.98	0	1441	155	96	1.61
SCAF_108	39998	3564	89.10	0	1782	145	136	1.07
SCAF_109	39904	4484	112.37	0	2242	157	192	0.82
SCAF_11	1437752	373052	259.47	0	186526	21592	16780	1.29
SCAF_110	39605	3434	86.71	0	1717	193	140	1.38
SCAF_111	39279	8488	216.10	0	4244	371	551	0.67
SCAF_112	39164	138	3.52	0	69	1	0	0
SCAF_113	39049	8696	222.69	0	4348	302	651	0.46
SCAF_114	38983	3776	96.86	0	1888	164	184	0.89
SCAF_115	38824	9344	240.68	0	4672	658	234	2.81
SCAF_116	37823	2586	68.37	0	1293	126	76	1.66
SCAF_117	37728	126	3.34	0	63	0	1	0.00
SCAF_118	37705	6034	160.03	0	3017	359	339	1.06
SCAF_119	37514	5522	147.20	0	2761	335	248	1.35
SCAF_12	978195	221680	226.62	0	110840	12720	9521	1.34
SCAF_120	37456	170	4.54	0	85	1	3	0.33
SCAF_121	37441	44	1.18	0	22	0	0	0
SCAF_122	37347	3650	97.73	0	1825	132	76	1.74
SCAF_123	37222	7560	203.11	0	3780	189	503	0.38
SCAF_124	36961	2516	68.07	0	1258	98	30	3.27
SCAF_125	36710	6788	184.91	0	3394	198	398	0.50
SCAF_126	36614	3598	98.27	0	1799	108	147	0.73
SCAF_127	36584	4452	121.69	0	2226	250	164	1.52
SCAF_128	36068	6032	167.24	0	3016	357	378	0.94
SCAF_129	35972	5392	149.89	0	2696	422	308	1.37
SCAF_13	598471	70174	117.26	0	35087	2777	1707	1.63
SCAF_130	35925	5362	149.26	0	2681	342	300	1.14
SCAF_131	35704	1748	48.96	0	874	31	46	0.67
SCAF_132	35264	4264	120.92	0	2132	249	231	1.08
SCAF_133	35121	76	2.16	0	38	0	0	0
SCAF_134	35117	3840	109.35	0	1920	197	152	1.30
SCAF_135	34903	6750	193.39	0	3375	179	432	0.41
SCAF_136	34900	66	1.89	0	33	0	1	0.00
SCAF_137	34765	5994	172.41	0	2997	185	365	0.51
SCAF_138	34687	5186	149.51	0	2593	106	142	0.75
SCAF_139	34615	4754	137.34	0	2377	302	235	1.29
SCAF_14	247525	2118	8.56	0	1059	13	29	0.45
SCAF_140	34599	144	4.16	0	72	2	1	2.00
SCAF_141	34497	3966	114.97	0	1983	194	110	1.76
SCAF_142	34440	72	2.09	0	36	0	0	0
SCAF_143	34384	7490	217.83	0	3745	227	550	0.41
SCAF_144	34330	6300	183.51	0	3150	168	438	0.38
SCAF_145	34087	3536	103.73	0	1768	179	158	1.13
SCAF_146	33692	3932	116.70	0	1966	261	230	1.13
SCAF_147	33483	44	1.31	0	22	0	0	0
SCAF_148	33469	2462	73.56	0	1231	108	88	1.23
SCAF_149	33420	68	2.03	0	34	0	2	0.00
SCAF_15	224905	28228	125.51	0	14114	1790	1411	1.27
SCAF_150	33347	2554	76.59	0	1277	62	83	0.75
SCAF_151	33283	4700	141.21	0	2350	119	102	1.17
SCAF_152	33266	6010	180.66	0	3005	127	393	0.32
SCAF_153	33237	3296	99.17	0	1648	120	148	0.81
SCAF_154	33139	3106	93.73	0	1553	89	107	0.83
SCAF_155	33127	58	1.75	0	29	0	0	0
SCAF_156	32748	4540	138.63	0	2270	102	124	0.82
SCAF_157	32666	5034	154.11	0	2517	166	166	1.00
SCAF_158	32618	4204	128.89	0	2102	116	182	0.64
SCAF_159	32358	1880	58.10	0	940	23	40	0.57
SCAF_16	181804	16052	88.29	0	8026	281	418	0.67
SCAF_160	32136	5488	170.77	0	2744	164	359	0.46
SCAF_161	32035	7532	235.12	0	3766	279	560	0.50
SCAF_162	31954	2292	71.73	0	1146	107	65	1.65
SCAF_163	31782	5780	181.86	0	2890	207	414	0.50
SCAF_164	31669	5758	181.82	0	2879	160	366	0.44
SCAF_165	31629	5192	164.15	0	2596	372	329	1.13
SCAF_166	31581	3056	96.77	0	1528	97	125	0.78
SCAF_167	31556	3824	121.18	0	1912	135	188	0.72
SCAF_168	31421	7654	243.60	0	3827	319	580	0.55
SCAF_169	31314	7552	241.17	0	3776	176	543	0.32
SCAF_17	176395	23778	134.80	0	11889	1410	1080	1.31
SCAF_170	31127	3526	113.28	0	1763	141	138	1.02
SCAF_171	31061	124	3.99	0	62	0	1	0.00
SCAF_172	31059	1796	57.83	0	898	35	33	1.06
SCAF_173	30866	3206	103.87	0	1603	101	152	0.66
SCAF_174	30739	56	1.82	0	28	0	1	0.00
SCAF_175	30330	2394	78.93	0	1197	115	79	1.46
SCAF_176	30301	1938	63.96	0	969	56	56	1.00
SCAF_177	30226	2556	84.56	0	1278	146	110	1.33
SCAF_178	30187	1766	58.50	0	883	76	61	1.25
SCAF_179	30183	6324	209.52	0	3162	254	464	0.55
SCAF_18	160122	15436	96.40	0	7718	886	682	1.30
SCAF_180	30131	3792	125.85	0	1896	175	157	1.11
SCAF_181	30071	2724	90.59	0	1362	167	134	1.25
SCAF_182	30032	5042	167.89	0	2521	253	241	1.05
SCAF_183	30005	576	19.20	0	288	21	17	1.24
SCAF_184	29541	3338	113.00	0	1669	130	66	1.97
SCAF_185	29415	2536	86.21	0	1268	109	71	1.54
SCAF_186	29375	5240	178.38	0	2620	204	357	0.57
SCAF_187	29360	2258	76.91	0	1129	93	75	1.24
SCAF_188	29327	4072	138.85	0	2036	314	267	1.18
SCAF_189	29236	2498	85.44	0	1249	105	99	1.06
SCAF_19	139354	5390	38.68	0	2695	291	164	1.77
SCAF_190	29216	5002	171.21	0	2501	159	147	1.08
SCAF_191	29200	2972	101.78	0	1486	73	93	0.78
SCAF_192	29083	308	10.59	0	154	7	2	3.50
SCAF_193	29081	2860	98.35	0	1430	117	118	0.99
SCAF_194	28863	772	26.75	0	386	11	17	0.65
SCAF_195	28688	3434	119.70	0	1717	117	136	0.86
SCAF_196	28688	5516	192.28	0	2758	186	357	0.52
SCAF_197	28670	3512	122.50	0	1756	190	167	1.14
SCAF_198	28585	3690	129.09	0	1845	211	216	0.98
SCAF_199	28585	2604	91.10	0	1302	106	62	1.71
SCAF_2	4079479	970450	237.89	0	485225	57553	41789	1.38
SCAF_20	131876	19168	145.35	0	9584	1280	981	1.30
SCAF_200	28563	7396	258.94	0	3698	288	558	0.52
SCAF_201	28551	2812	98.49	0	1406	90	103	0.87
SCAF_202	28219	6006	212.84	0	3003	230	418	0.55
SCAF_203	28217	2296	81.37	0	1148	95	77	1.23
SCAF_204	28187	3414	121.12	0	1707	64	72	0.89
SCAF_205	28138	4534	161.13	0	2267	113	327	0.35
SCAF_206	28111	3534	125.72	0	1767	88	174	0.51
SCAF_207	27959	4116	147.22	0	2058	231	230	1.00
SCAF_208	27935	72	2.58	0	36	0	1	0.00
SCAF_209	27830	5206	187.06	0	2603	156	309	0.50
SCAF_21	130124	15144	116.38	0	7572	924	795	1.16
SCAF_210	27781	5278	189.99	0	2639	139	348	0.40
SCAF_211	27774	3674	132.28	0	1837	308	217	1.42
SCAF_212	27772	1730	62.29	0	865	92	114	0.81
SCAF_213	27728	2644	95.35	0	1322	139	114	1.22
SCAF_214	27690	6822	246.37	0	3411	237	472	0.50
SCAF_215	27659	10	0.36	0	5	0	1	0.00
SCAF_216	27637	2604	94.22	0	1302	140	107	1.31
SCAF_217	27634	2972	107.55	0	1486	139	119	1.17
SCAF_218	27594	3882	140.68	0	1941	226	204	1.11
SCAF_219	27563	2342	84.97	0	1171	55	65	0.85
SCAF_22	121580	17804	146.44	0	8902	1182	923	1.28
SCAF_220	27545	4084	148.27	0	2042	274	241	1.14
SCAF_221	27530	5000	181.62	0	2500	192	339	0.57
SCAF_222	27515	1918	69.71	0	959	48	77	0.62
SCAF_223	27476	3694	134.44	0	1847	108	211	0.51
SCAF_224	27450	3274	119.27	0	1637	82	135	0.61
SCAF_225	27344	2326	85.06	0	1163	52	80	0.65
SCAF_226	27270	2838	104.07	0	1419	156	111	1.41
SCAF_227	27232	3148	115.60	0	1574	95	144	0.66
SCAF_228	27189	2644	97.25	0	1322	69	55	1.25
SCAF_229	27037	2192	81.07	0	1096	84	71	1.18
SCAF_23	117381	17650	150.37	0	8825	1074	878	1.22
SCAF_230	26948	1898	70.43	0	949	115	84	1.37
SCAF_231	26899	4180	155.40	0	2090	142	280	0.51
SCAF_232	26856	4506	167.78	0	2253	127	263	0.48
SCAF_233	26767	2060	76.96	0	1030	70	81	0.86
SCAF_234	26700	6	0.22	0	3	0	0	0
SCAF_235	26660	176	6.60	0	88	5	2	2.50
SCAF_236	26499	7822	295.18	0	3911	236	645	0.37
SCAF_237	26482	2600	98.18	0	1300	130	120	1.08
SCAF_238	26369	3310	125.53	0	1655	113	229	0.49
SCAF_239	26171	5094	194.64	0	2547	181	373	0.49
SCAF_24	115879	13938	120.28	0	6969	775	632	1.23
SCAF_240	26148	2674	102.26	0	1337	96	140	0.69
SCAF_241	26131	3630	138.92	0	1815	222	178	1.25
SCAF_242	26114	5402	206.86	0	2701	149	394	0.38
SCAF_243	26085	3160	121.14	0	1580	114	180	0.63
SCAF_244	26060	2412	92.56	0	1206	63	101	0.62
SCAF_245	25968	3178	122.38	0	1589	104	162	0.64
SCAF_246	25946	34	1.31	0	17	0	0	0
SCAF_247	25940	3876	149.42	0	1938	250	238	1.05
SCAF_248	25895	1726	66.65	0	863	43	72	0.60
SCAF_249	25885	6328	244.47	0	3164	249	426	0.58
SCAF_25	115495	21262	184.09	0	10631	1055	1094	0.96
SCAF_250	25884	3152	121.77	0	1576	188	151	1.25
SCAF_251	25874	2488	96.16	0	1244	71	66	1.08
SCAF_252	25864	2392	92.48	0	1196	61	74	0.82
SCAF_253	25825	3666	141.96	0	1833	129	224	0.58
SCAF_254	25798	4462	172.96	0	2231	107	118	0.91
SCAF_255	25728	1998	77.66	0	999	56	70	0.80
SCAF_256	25725	3124	121.44	0	1562	101	143	0.71
SCAF_257	25720	2914	113.30	0	1457	159	136	1.17
SCAF_258	25700	4160	161.87	0	2080	121	105	1.15
SCAF_259	25645	2602	101.46	0	1301	100	103	0.97
SCAF_26	113072	15640	138.32	0	7820	1011	724	1.40
SCAF_260	25595	3746	146.36	0	1873	185	144	1.28
SCAF_261	25593	5158	201.54	0	2579	204	383	0.53
SCAF_262	25592	4576	178.81	0	2288	159	296	0.54
SCAF_263	25481	2704	106.12	0	1352	132	107	1.23
SCAF_264	25444	4814	189.20	0	2407	317	275	1.15
SCAF_265	25436	3634	142.87	0	1817	92	195	0.47
SCAF_266	25377	2436	95.99	0	1218	139	87	1.60
SCAF_267	25340	3432	135.44	0	1716	264	192	1.38
SCAF_268	25329	3680	145.29	0	1840	132	194	0.68
SCAF_269	25264	2588	102.44	0	1294	78	127	0.61
SCAF_27	110609	25240	228.19	0	12620	1951	669	2.92
SCAF_270	25225	4408	174.75	0	2204	95	266	0.36
SCAF_271	25206	2370	94.03	0	1185	63	46	1.37
SCAF_272	25161	2546	101.19	0	1273	108	104	1.04
SCAF_273	25090	2660	106.02	0	1330	79	95	0.83
SCAF_274	24834	2900	116.78	0	1450	71	122	0.58
SCAF_275	24832	3708	149.32	0	1854	175	144	1.22
SCAF_276	24811	2812	113.34	0	1406	136	106	1.28
SCAF_277	24713	2070	83.76	0	1035	107	100	1.07
SCAF_278	24673	3592	145.58	0	1796	100	215	0.47
SCAF_279	24542	4696	191.35	0	2348	190	290	0.66
SCAF_28	109542	7204	65.76	0	3602	373	241	1.55
SCAF_280	24528	2454	100.05	0	1227	85	102	0.83
SCAF_281	24435	1404	57.46	0	702	54	31	1.74
SCAF_282	24359	1808	74.22	0	904	54	91	0.59
SCAF_283	24173	2876	118.98	0	1438	161	153	1.05
SCAF_284	24152	34	1.41	0	17	0	0	0
SCAF_285	24110	1424	59.06	0	712	36	40	0.90
SCAF_286	24066	1174	48.78	0	587	29	14	2.07
SCAF_287	23981	992	41.37	0	496	23	24	0.96
SCAF_288	23980	3130	130.53	0	1565	118	173	0.68
SCAF_289	23950	2880	120.25	0	1440	121	128	0.95
SCAF_29	108319	26264	242.47	0	13132	1703	1037	1.64
SCAF_290	23945	2290	95.64	0	1145	96	113	0.85
SCAF_291	23886	2848	119.23	0	1424	101	128	0.79
SCAF_292	23860	1642	68.82	0	821	63	34	1.85
SCAF_293	23814	4350	182.67	0	2175	198	325	0.61
SCAF_294	23796	5456	229.28	0	2728	128	361	0.35
SCAF_295	23767	7044	296.38	0	3522	255	490	0.52
SCAF_296	23762	2622	110.34	0	1311	62	57	1.09
SCAF_297	23695	3656	154.29	0	1828	214	167	1.28
SCAF_298	23666	2796	118.14	0	1398	93	126	0.74
SCAF_299	23648	2092	88.46	0	1046	78	42	1.86
SCAF_3	3666439	891640	243.19	0	445820	54990	35954	1.53
SCAF_30	107902	12856	119.15	0	6428	490	222	2.21
SCAF_300	23643	36	1.52	0	18	0	0	0
SCAF_301	23638	1614	68.28	0	807	52	31	1.68
SCAF_302	23633	5728	242.37	0	2864	129	420	0.31
SCAF_303	23629	4874	206.27	0	2437	160	362	0.44
SCAF_304	23571	3650	154.85	0	1825	208	194	1.07
SCAF_305	23555	2374	100.79	0	1187	129	110	1.17
SCAF_306	23322	1496	64.15	0	748	75	61	1.23
SCAF_307	23295	4362	187.25	0	2181	107	302	0.35
SCAF_308	23075	4	0.17	0	2	0	0	0
SCAF_309	23057	3830	166.11	0	1915	132	285	0.46
SCAF_31	106626	9160	85.91	0	4580	394	196	2.01
SCAF_310	23011	5618	244.14	0	2809	197	433	0.45
SCAF_311	22999	1318	57.31	0	659	38	35	1.09
SCAF_312	22896	6136	267.99	0	3068	231	484	0.48
SCAF_313	22877	1542	67.40	0	771	55	41	1.34
SCAF_314	22871	38	1.66	0	19	0	1	0.00
SCAF_315	22844	1764	77.22	0	882	45	26	1.73
SCAF_316	22844	1796	78.62	0	898	63	121	0.52
SCAF_317	22833	3774	165.29	0	1887	178	257	0.69
SCAF_318	22713	2704	119.05	0	1352	63	53	1.19
SCAF_319	22685	1766	77.85	0	883	55	64	0.86
SCAF_32	102192	12036	117.78	0	6018	580	277	2.09
SCAF_320	22653	2118	93.50	0	1059	59	77	0.77
SCAF_321	22554	5266	233.48	0	2633	185	355	0.52
SCAF_322	22539	4108	182.26	0	2054	109	251	0.43
SCAF_323	22525	1536	68.19	0	768	75	38	1.97
SCAF_324	22489	3546	157.68	0	1773	275	188	1.46
SCAF_325	22468	2350	104.59	0	1175	128	94	1.36
SCAF_326	22392	20	0.89	0	10	0	0	0
SCAF_327	22337	1432	64.11	0	716	38	52	0.73
SCAF_328	22280	0	0.00	0	0	0	0	0
SCAF_329	22245	2516	113.10	0	1258	88	114	0.77
SCAF_33	98221	15668	159.52	0	7834	1032	859	1.20
SCAF_330	22040	2276	103.27	0	1138	81	105	0.77
SCAF_331	22029	1208	54.84	0	604	23	27	0.85
SCAF_332	21923	3752	171.14	0	1876	125	210	0.60
SCAF_333	21867	1062	48.57	0	531	42	23	1.83
SCAF_334	21813	4136	189.61	0	2068	156	256	0.61
SCAF_335	21800	2662	122.11	0	1331	122	103	1.18
SCAF_336	21691	2236	103.08	0	1118	61	63	0.97
SCAF_337	21675	2556	117.92	0	1278	57	95	0.60
SCAF_338	21621	2346	108.51	0	1173	56	58	0.97
SCAF_339	21529	2144	99.59	0	1072	61	55	1.11
SCAF_34	97882	15172	155.00	0	7586	1070	765	1.40
SCAF_340	21472	2490	115.96	0	1245	102	79	1.29
SCAF_341	21449	3788	176.60	0	1894	126	192	0.66
SCAF_342	21444	5368	250.33	0	2684	376	114	3.30
SCAF_343	21365	2612	122.26	0	1306	87	140	0.62
SCAF_344	21355	1722	80.64	0	861	119	67	1.78
SCAF_345	21334	4270	200.15	0	2135	162	278	0.58
SCAF_346	21294	0	0.00	0	0	0	0	0
SCAF_347	21288	2108	99.02	0	1054	67	72	0.93
SCAF_348	21209	1276	60.16	0	638	78	57	1.37
SCAF_349	21199	1688	79.63	0	844	52	55	0.95
SCAF_35	95705	6240	65.20	0	3120	107	111	0.96
SCAF_350	21189	1642	77.49	0	821	23	15	1.53
SCAF_351	21106	2432	115.23	0	1216	170	149	1.14
SCAF_352	21098	1354	64.18	0	677	49	48	1.02
SCAF_353	21078	1452	68.89	0	726	58	52	1.12
SCAF_354	20991	1858	88.51	0	929	69	73	0.95
SCAF_355	20981	618	29.46	0	309	9	7	1.29
SCAF_356	20980	4530	215.92	0	2265	153	303	0.50
SCAF_357	20976	1654	78.85	0	827	43	67	0.64
SCAF_358	20871	1408	67.46	0	704	49	31	1.58
SCAF_359	20831	2094	100.52	0	1047	66	79	0.84
SCAF_36	94431	9900	104.84	0	4950	676	464	1.46
SCAF_360	20777	1868	89.91	0	934	49	63	0.78
SCAF_361	20737	2658	128.18	0	1329	95	141	0.67
SCAF_362	20702	3712	179.31	0	1856	188	201	0.94
SCAF_363	20586	324	15.74	0	162	19	12	1.58
SCAF_364	20574	2552	124.04	0	1276	132	136	0.97
SCAF_365	20553	992	48.27	0	496	32	26	1.23
SCAF_366	20522	1718	83.72	0	859	59	62	0.95
SCAF_367	20517	1532	74.67	0	766	55	50	1.10
SCAF_368	20452	1522	74.42	0	761	74	63	1.17
SCAF_369	20438	2488	121.73	0	1244	171	124	1.38
SCAF_37	92851	11010	118.58	0	5505	551	432	1.28
SCAF_370	20350	3092	151.94	0	1546	84	78	1.08
SCAF_371	20349	2466	121.19	0	1233	61	58	1.05
SCAF_372	20285	862	42.49	0	431	52	18	2.89
SCAF_373	20282	1348	66.46	0	674	39	23	1.70
SCAF_374	20282	10	0.49	0	5	0	0	0
SCAF_375	20179	2758	136.68	0	1379	113	112	1.01
SCAF_376	20174	5638	279.47	0	2819	197	397	0.50
SCAF_377	20160	4244	210.52	0	2122	137	297	0.46
SCAF_378	20157	30	1.49	0	15	0	0	0
SCAF_379	20150	2232	110.77	0	1116	117	112	1.04
SCAF_38	89142	10752	120.62	0	5376	751	566	1.33
SCAF_380	20140	1836	91.16	0	918	58	46	1.26
SCAF_381	20082	2756	137.24	0	1378	102	139	0.73
SCAF_382	20068	1862	92.78	0	931	51	66	0.77
SCAF_383	20052	2160	107.72	0	1080	70	96	0.73
SCAF_384	20039	2578	128.65	0	1289	141	126	1.12
SCAF_385	20036	2398	119.68	0	1199	116	96	1.21
SCAF_386	20004	4210	210.46	0	2105	145	303	0.48
SCAF_387	19967	2366	118.50	0	1183	73	124	0.59
SCAF_388	19953	3856	193.25	0	1928	202	151	1.34
SCAF_389	19874	1768	88.96	0	884	39	30	1.30
SCAF_39	88257	11100	125.77	0	5550	559	501	1.12
SCAF_390	19870	90	4.53	0	45	0	1	0.00
SCAF_391	19819	2788	140.67	0	1394	69	141	0.49
SCAF_392	19814	2204	111.23	0	1102	63	80	0.79
SCAF_393	19805	1540	77.76	0	770	85	69	1.23
SCAF_394	19796	4670	235.91	0	2335	146	350	0.42
SCAF_395	19788	58	2.93	0	29	0	1	0.00
SCAF_396	19769	2778	140.52	0	1389	68	119	0.57
SCAF_397	19737	2010	101.84	0	1005	128	85	1.51
SCAF_398	19694	4446	225.75	0	2223	187	228	0.82
SCAF_399	19627	3954	201.46	0	1977	137	264	0.52
SCAF_4	2601389	624988	240.25	0	312494	36794	27033	1.36
SCAF_40	85354	13538	158.61	0	6769	839	672	1.25
SCAF_400	19559	3478	177.82	0	1739	139	211	0.66
SCAF_401	19529	3204	164.06	0	1602	112	162	0.69
SCAF_402	19485	1802	92.48	0	901	57	62	0.92
SCAF_403	19440	1900	97.74	0	950	80	69	1.16
SCAF_404	19429	1618	83.28	0	809	51	55	0.93
SCAF_405	19412	1506	77.58	0	753	54	64	0.84
SCAF_406	19412	2804	144.45	0	1402	114	152	0.75
SCAF_407	19392	2418	124.69	0	1209	88	110	0.80
SCAF_408	19383	1550	79.97	0	775	53	56	0.95
SCAF_409	19350	1996	103.15	0	998	66	77	0.86
SCAF_41	82239	9598	116.71	0	4799	765	476	1.61
SCAF_410	19334	3470	179.48	0	1735	126	193	0.65
SCAF_411	19319	576	29.82	0	288	9	6	1.50
SCAF_412	19298	3526	182.71	0	1763	281	166	1.69
SCAF_413	19281	3104	160.99	0	1552	180	138	1.30
SCAF_414	19250	1564	81.25	0	782	88	75	1.17
SCAF_415	19240	2608	135.55	0	1304	98	134	0.73
SCAF_416	19198	1626	84.70	0	813	85	59	1.44
SCAF_417	19156	1370	71.52	0	685	37	52	0.71
SCAF_418	19069	0	0.00	0	0	0	0	0
SCAF_419	19061	1642	86.14	0	821	75	52	1.44
SCAF_42	77162	8824	114.36	0	4412	627	455	1.38
SCAF_420	19040	1588	83.40	0	794	37	50	0.74
SCAF_421	19012	4704	247.42	0	2352	153	310	0.49
SCAF_422	18950	844	44.54	0	422	46	31	1.48
SCAF_423	18945	4558	240.59	0	2279	159	335	0.47
SCAF_424	18943	1254	66.20	0	627	40	35	1.14
SCAF_425	18932	2568	135.64	0	1284	99	153	0.65
SCAF_426	18882	2006	106.24	0	1003	74	96	0.77
SCAF_427	18874	2314	122.60	0	1157	111	118	0.94
SCAF_428	18866	2152	114.07	0	1076	121	93	1.30
SCAF_429	18866	1672	88.63	0	836	92	95	0.97
SCAF_43	76714	11300	147.30	0	5650	759	565	1.34
SCAF_430	18815	2858	151.90	0	1429	60	131	0.46
SCAF_431	18805	2308	122.73	0	1154	128	149	0.86
SCAF_432	18790	2846	151.46	0	1423	167	152	1.10
SCAF_433	18773	1798	95.78	0	899	60	73	0.82
SCAF_434	18766	1450	77.27	0	725	70	52	1.35
SCAF_435	18753	1474	78.60	0	737	80	57	1.40
SCAF_436	18746	746	39.80	0	373	77	42	1.83
SCAF_437	18721	3988	213.02	0	1994	99	319	0.31
SCAF_438	18669	2064	110.56	0	1032	73	72	1.01
SCAF_439	18588	1032	55.52	0	516	47	19	2.47
SCAF_44	76272	6734	88.29	0	3367	248	144	1.72
SCAF_440	18561	2788	150.21	0	1394	93	85	1.09
SCAF_441	18530	2142	115.60	0	1071	116	75	1.55
SCAF_442	18489	1820	98.44	0	910	58	73	0.79
SCAF_443	18479	1852	100.22	0	926	46	74	0.62
SCAF_444	18424	1908	103.56	0	954	115	83	1.39
SCAF_445	18396	4252	231.14	0	2126	130	264	0.49
SCAF_446	18392	1476	80.25	0	738	102	73	1.40
SCAF_447	18255	2446	133.99	0	1223	82	123	0.67
SCAF_448	18252	2304	126.23	0	1152	125	112	1.12
SCAF_449	18248	3548	194.43	0	1774	108	236	0.46
SCAF_45	73110	17040	233.07	0	8520	451	1234	0.37
SCAF_450	18208	1330	73.04	0	665	42	39	1.08
SCAF_451	18202	2196	120.65	0	1098	75	79	0.95
SCAF_452	18192	1988	109.28	0	994	62	69	0.90
SCAF_453	18150	1268	69.86	0	634	37	44	0.84
SCAF_454	18134	1336	73.67	0	668	32	63	0.51
SCAF_455	18114	1650	91.09	0	825	39	50	0.78
SCAF_456	18112	1376	75.97	0	688	46	34	1.35
SCAF_457	18054	3552	196.74	0	1776	239	190	1.26
SCAF_458	18006	3954	219.59	0	1977	152	294	0.52
SCAF_459	18000	1802	100.11	0	901	59	61	0.97
SCAF_46	72118	10832	150.20	0	5416	813	646	1.26
SCAF_460	17967	1958	108.98	0	979	78	63	1.24
SCAF_461	17943	2414	134.54	0	1207	81	99	0.82
SCAF_462	17929	1198	66.82	0	599	36	13	2.77
SCAF_463	17921	802	44.75	0	401	16	19	0.84
SCAF_464	17913	4610	257.35	0	2305	191	330	0.58
SCAF_465	17912	1952	108.98	0	976	71	106	0.67
SCAF_466	17886	1620	90.57	0	810	64	49	1.31
SCAF_467	17859	772	43.23	0	386	28	12	2.33
SCAF_468	17837	1080	60.55	0	540	42	43	0.98
SCAF_469	17802	1618	90.89	0	809	62	63	0.98
SCAF_47	70166	10772	153.52	0	5386	701	581	1.21
SCAF_470	17776	994	55.92	0	497	41	53	0.77
SCAF_471	17682	1624	91.84	0	812	49	73	0.67
SCAF_472	17646	2258	127.96	0	1129	124	81	1.53
SCAF_473	17646	1680	95.21	0	840	95	68	1.40
SCAF_474	17642	104	5.90	0	52	0	1	0.00
SCAF_475	17613	246	13.97	0	123	5	5	1.00
SCAF_476	17602	1422	80.79	0	711	40	27	1.48
SCAF_477	17571	1406	80.02	0	703	33	36	0.92
SCAF_478	17535	3164	180.44	0	1582	121	183	0.66
SCAF_479	17528	776	44.27	0	388	11	9	1.22
SCAF_48	69627	10512	150.98	0	5256	673	569	1.18
SCAF_480	17503	2998	171.28	0	1499	106	203	0.52
SCAF_481	17502	2158	123.30	0	1079	76	111	0.68
SCAF_482	17480	1892	108.24	0	946	45	88	0.51
SCAF_483	17476	1936	110.78	0	968	69	106	0.65
SCAF_484	17457	1176	67.37	0	588	43	38	1.13
SCAF_485	17386	4448	255.84	0	2224	168	288	0.58
SCAF_486	17362	4096	235.92	0	2048	171	315	0.54
SCAF_487	17332	1994	115.05	0	997	59	135	0.44
SCAF_488	17327	3784	218.39	0	1892	122	275	0.44
SCAF_489	17303	4116	237.88	0	2058	157	321	0.49
SCAF_49	69624	4820	69.23	0	2410	149	74	2.01
SCAF_490	17273	4126	238.87	0	2063	106	298	0.36
SCAF_491	17245	2640	153.09	0	1320	103	65	1.58
SCAF_492	17239	4162	241.43	0	2081	119	388	0.31
SCAF_493	17219	4328	251.35	0	2164	162	313	0.52
SCAF_494	17218	2224	129.17	0	1112	75	130	0.58
SCAF_495	17211	2176	126.43	0	1088	78	99	0.79
SCAF_496	17198	4028	234.21	0	2014	116	288	0.40
SCAF_497	17190	1292	75.16	0	646	29	44	0.66
SCAF_498	17162	1338	77.96	0	669	60	64	0.94
SCAF_499	17147	2476	144.40	0	1238	69	143	0.48
SCAF_5	2032088	528012	259.84	0	264006	32034	22333	1.43
SCAF_50	68258	10284	150.66	0	5142	695	548	1.27
SCAF_500	17144	1882	109.78	0	941	67	79	0.85
SCAF_501	17142	1538	89.72	0	769	34	65	0.52
SCAF_502	17124	2098	122.52	0	1049	126	102	1.24
SCAF_503	17118	26	1.52	0	13	1	0	0
SCAF_504	17076	1156	67.70	0	578	68	53	1.28
SCAF_505	17047	0	0.00	0	0	0	0	0
SCAF_506	17043	1552	91.06	0	776	75	27	2.78
SCAF_507	17035	2402	141.00	0	1201	114	113	1.01
SCAF_508	17021	2018	118.56	0	1009	100	83	1.20
SCAF_509	16971	3230	190.32	0	1615	121	243	0.50
SCAF_51	66966	8104	121.02	0	4052	497	328	1.52
SCAF_510	16897	2146	127.00	0	1073	127	108	1.18
SCAF_511	16849	3308	196.33	0	1654	129	178	0.72
SCAF_512	16807	2790	166.00	0	1395	120	139	0.86
SCAF_513	16787	1350	80.42	0	675	46	51	0.90
SCAF_514	16784	3412	203.29	0	1706	113	262	0.43
SCAF_515	16776	4542	270.74	0	2271	164	306	0.54
SCAF_516	16745	636	37.98	0	318	10	11	0.91
SCAF_517	16741	3044	181.83	0	1522	84	163	0.52
SCAF_518	16733	2050	122.51	0	1025	98	89	1.10
SCAF_519	16710	2852	170.68	0	1426	107	163	0.66
SCAF_52	66855	5452	81.55	0	2726	285	263	1.08
SCAF_520	16702	120	7.18	0	60	0	0	0
SCAF_521	16701	2678	160.35	0	1339	95	182	0.52
SCAF_522	16645	1126	67.65	0	563	30	39	0.77
SCAF_523	16623	2944	177.10	0	1472	107	152	0.70
SCAF_524	16568	1116	67.36	0	558	26	25	1.04
SCAF_525	16548	1898	114.70	0	949	73	92	0.79
SCAF_526	16541	3238	195.76	0	1619	79	233	0.34
SCAF_527	16518	38	2.30	0	19	0	0	0
SCAF_528	16510	3362	203.63	0	1681	91	228	0.40
SCAF_529	16492	1752	106.23	0	876	115	73	1.58
SCAF_53	65552	4856	74.08	0	2428	228	177	1.29
SCAF_530	16462	892	54.19	0	446	25	31	0.81
SCAF_531	16461	838	50.91	0	419	17	11	1.55
SCAF_532	16447	1888	114.79	0	944	126	104	1.21
SCAF_533	16383	2014	122.93	0	1007	119	88	1.35
SCAF_534	16345	2274	139.13	0	1137	70	100	0.70
SCAF_535	16343	1224	74.89	0	612	40	51	0.78
SCAF_536	16333	1300	79.59	0	650	28	54	0.52
SCAF_537	16287	1818	111.62	0	909	97	85	1.14
SCAF_538	16266	3096	190.34	0	1548	86	196	0.44
SCAF_539	16246	1160	71.40	0	580	22	22	1.00
SCAF_54	65267	5446	83.44	0	2723	289	203	1.42
SCAF_540	16245	2200	135.43	0	1100	59	105	0.56
SCAF_541	16215	1948	120.14	0	974	71	67	1.06
SCAF_542	16208	1146	70.71	0	573	33	44	0.75
SCAF_543	16160	2310	142.95	0	1155	62	135	0.46
SCAF_544	16140	1436	88.97	0	718	43	63	0.68
SCAF_545	16102	1758	109.18	0	879	53	86	0.62
SCAF_546	16083	4116	255.92	0	2058	148	284	0.52
SCAF_547	16037	1152	71.83	0	576	37	35	1.06
SCAF_548	16034	1862	116.13	0	931	73	92	0.79
SCAF_549	16030	1276	79.60	0	638	58	70	0.83
SCAF_55	65114	8518	130.82	0	4259	540	346	1.56
SCAF_550	16027	514	32.07	0	257	23	8	2.88
SCAF_551	15990	1558	97.44	0	779	90	65	1.38
SCAF_552	15913	2140	134.48	0	1070	147	126	1.17
SCAF_553	15906	700	44.01	0	350	35	27	1.30
SCAF_554	15898	2802	176.25	0	1401	78	159	0.49
SCAF_555	15891	1560	98.17	0	780	48	79	0.61
SCAF_556	15885	3330	209.63	0	1665	112	236	0.47
SCAF_557	15855	1994	125.76	0	997	75	112	0.67
SCAF_558	15839	1796	113.39	0	898	57	95	0.60
SCAF_559	15827	3046	192.46	0	1523	139	231	0.60
SCAF_56	62812	6192	98.58	0	3096	282	239	1.18
SCAF_560	15823	1240	78.37	0	620	79	37	2.14
SCAF_561	15791	4132	261.67	0	2066	152	293	0.52
SCAF_562	15777	90	5.70	0	45	0	0	0
SCAF_563	15776	1946	123.35	0	973	126	96	1.31
SCAF_564	15761	3504	222.32	0	1752	91	253	0.36
SCAF_565	15717	2084	132.60	0	1042	55	103	0.53
SCAF_566	15706	1084	69.02	0	542	32	38	0.84
SCAF_567	15696	3120	198.78	0	1560	129	176	0.73
SCAF_568	15657	3702	236.44	0	1851	95	222	0.43
SCAF_569	15650	592	37.83	0	296	25	11	2.27
SCAF_57	62187	6380	102.59	0	3190	352	301	1.17
SCAF_570	15646	1102	70.43	0	551	33	35	0.94
SCAF_571	15619	1058	67.74	0	529	17	17	1.00
SCAF_572	15612	1852	118.63	0	926	52	67	0.78
SCAF_573	15605	1800	115.35	0	900	67	81	0.83
SCAF_574	15575	1024	65.75	0	512	42	49	0.86
SCAF_575	15573	1076	69.09	0	538	23	35	0.66
SCAF_576	15571	2618	168.13	0	1309	87	125	0.70
SCAF_577	15544	1770	113.87	0	885	39	71	0.55
SCAF_578	15521	586	37.76	0	293	24	14	1.71
SCAF_579	15497	972	62.72	0	486	20	13	1.54
SCAF_58	61544	14502	235.64	0	7251	599	1032	0.58
SCAF_580	15481	1814	117.18	0	907	48	104	0.46
SCAF_581	15458	1490	96.39	0	745	84	70	1.20
SCAF_582	15439	1602	103.76	0	801	69	82	0.84
SCAF_583	15421	1010	65.50	0	505	51	28	1.82
SCAF_584	15337	1132	73.81	0	566	25	18	1.39
SCAF_585	15336	1422	92.72	0	711	43	50	0.86
SCAF_586	15301	2880	188.22	0	1440	95	183	0.52
SCAF_587	15300	2942	192.29	0	1471	220	93	2.37
SCAF_588	15298	1992	130.21	0	996	57	121	0.47
SCAF_589	15238	1572	103.16	0	786	98	64	1.53
SCAF_59	61533	4550	73.94	0	2275	209	150	1.39
SCAF_590	15205	1388	91.29	0	694	60	100	0.60
SCAF_591	15162	1846	121.75	0	923	105	94	1.12
SCAF_592	15154	1586	104.66	0	793	27	66	0.41
SCAF_593	15087	3312	219.53	0	1656	122	212	0.58
SCAF_594	15082	2364	156.74	0	1182	154	92	1.67
SCAF_595	15055	2406	159.81	0	1203	160	128	1.25
SCAF_596	15045	1100	73.11	0	550	19	38	0.50
SCAF_597	15030	3756	249.90	0	1878	104	269	0.39
SCAF_598	15027	1230	81.85	0	615	47	32	1.47
SCAF_599	15000	1936	129.07	0	968	169	130	1.30
SCAF_6	1976889	462020	233.71	0	231010	26912	20071	1.34
SCAF_60	61411	7578	123.40	0	3789	454	161	2.82
SCAF_600	14995	2194	146.32	0	1097	125	98	1.28
SCAF_601	14985	1420	94.76	0	710	75	74	1.01
SCAF_602	14930	2900	194.24	0	1450	95	197	0.48
SCAF_603	14898	2060	138.27	0	1030	76	132	0.58
SCAF_604	14863	2954	198.75	0	1477	101	179	0.56
SCAF_605	14840	1436	96.77	0	718	47	54	0.87
SCAF_606	14808	1094	73.88	0	547	35	38	0.92
SCAF_607	14807	2444	165.06	0	1222	137	99	1.38
SCAF_608	14785	1706	115.39	0	853	57	87	0.66
SCAF_609	14742	290	19.67	0	145	12	3	4.00
SCAF_61	61115	8536	139.67	0	4268	660	516	1.28
SCAF_610	14738	2202	149.41	0	1101	72	104	0.69
SCAF_611	14737	1726	117.12	0	863	113	87	1.30
SCAF_612	14712	64	4.35	0	32	0	1	0.00
SCAF_613	14708	1414	96.14	0	707	75	54	1.39
SCAF_614	14694	1178	80.17	0	589	65	23	2.83
SCAF_615	14684	1742	118.63	0	871	40	73	0.55
SCAF_616	14676	836	56.96	0	418	16	28	0.57
SCAF_617	14662	970	66.16	0	485	54	45	1.20
SCAF_618	14658	3774	257.47	0	1887	128	246	0.52
SCAF_619	14650	1228	83.82	0	614	43	20	2.15
SCAF_62	59972	3988	66.50	0	1994	79	57	1.39
SCAF_620	14639	990	67.63	0	495	42	23	1.83
SCAF_621	14614	2150	147.12	0	1075	77	152	0.51
SCAF_622	14596	1212	83.04	0	606	59	52	1.13
SCAF_623	14590	1280	87.73	0	640	48	60	0.80
SCAF_624	14581	1034	70.91	0	517	14	35	0.40
SCAF_625	14547	1480	101.74	0	740	93	69	1.35
SCAF_626	14527	1982	136.44	0	991	71	104	0.68
SCAF_627	14523	2016	138.81	0	1008	44	99	0.44
SCAF_628	14498	984	67.87	0	492	44	36	1.22
SCAF_629	14453	1474	101.99	0	737	51	62	0.82
SCAF_63	59743	9004	150.71	0	4502	287	252	1.14
SCAF_630	14414	1172	81.31	0	586	42	51	0.82
SCAF_631	14395	1494	103.79	0	747	34	64	0.53
SCAF_632	14385	2624	182.41	0	1312	46	165	0.28
SCAF_633	14371	1280	89.07	0	640	26	36	0.72
SCAF_634	14371	2120	147.52	0	1060	74	116	0.64
SCAF_635	14280	1520	106.44	0	760	52	30	1.73
SCAF_636	14276	1660	116.28	0	830	52	79	0.66
SCAF_637	14236	2014	141.47	0	1007	81	95	0.85
SCAF_638	14229	2896	203.53	0	1448	110	212	0.52
SCAF_639	14202	1254	88.30	0	627	35	51	0.69
SCAF_64	58841	3278	55.71	0	1639	96	55	1.75
SCAF_640	14111	1238	87.73	0	619	52	44	1.18
SCAF_641	14088	3374	239.49	0	1687	119	236	0.50
SCAF_642	14005	2928	209.07	0	1464	104	246	0.42
SCAF_643	13977	48	3.43	0	24	0	0	0
SCAF_644	13890	1490	107.27	0	745	47	51	0.92
SCAF_645	13875	2946	212.32	0	1473	86	210	0.41
SCAF_646	13874	1902	137.09	0	951	107	98	1.09
SCAF_647	13848	2202	159.01	0	1101	74	159	0.47
SCAF_648	13847	1388	100.24	0	694	34	35	0.97
SCAF_649	13838	1794	129.64	0	897	75	90	0.83
SCAF_65	58838	5584	94.90	0	2792	314	222	1.41
SCAF_650	13812	1740	125.98	0	870	71	81	0.88
SCAF_651	13758	1390	101.03	0	695	113	87	1.30
SCAF_652	13727	1870	136.23	0	935	57	83	0.69
SCAF_653	13703	996	72.68	0	498	33	20	1.65
SCAF_654	13701	1206	88.02	0	603	48	49	0.98
SCAF_655	13677	1310	95.78	0	655	52	48	1.08
SCAF_656	13622	2766	203.05	0	1383	105	172	0.61
SCAF_657	13584	896	65.96	0	448	15	18	0.83
SCAF_658	13583	2904	213.80	0	1452	109	183	0.60
SCAF_659	13535	3698	273.22	0	1849	115	244	0.47
SCAF_66	58483	3514	60.09	0	1757	121	69	1.75
SCAF_660	13535	1020	75.36	0	510	26	32	0.81
SCAF_661	13499	1454	107.71	0	727	49	65	0.75
SCAF_662	13464	814	60.46	0	407	26	20	1.30
SCAF_663	13438	984	73.23	0	492	50	50	1.00
SCAF_664	13385	28	2.09	0	14	0	0	0
SCAF_665	13357	1188	88.94	0	594	26	41	0.63
SCAF_666	13330	2352	176.44	0	1176	80	165	0.48
SCAF_667	13327	1614	121.11	0	807	63	42	1.50
SCAF_668	13319	794	59.61	0	397	29	22	1.32
SCAF_669	13303	1142	85.85	0	571	24	19	1.26
SCAF_67	57162	4328	75.71	0	2164	239	195	1.23
SCAF_670	13293	3578	269.16	0	1789	121	247	0.49
SCAF_671	13288	2024	152.32	0	1012	130	94	1.38
SCAF_672	13266	1712	129.05	0	856	53	100	0.53
SCAF_673	13189	602	45.64	0	301	18	13	1.38
SCAF_674	13149	1974	150.13	0	987	89	93	0.96
SCAF_675	13128	1716	130.71	0	858	104	85	1.22
SCAF_676	13120	1464	111.59	0	732	76	71	1.07
SCAF_677	13080	1336	102.14	0	668	32	30	1.07
SCAF_678	13050	866	66.36	0	433	19	42	0.45
SCAF_679	13043	1688	129.42	0	844	73	86	0.85
SCAF_68	56404	3350	59.39	0	1675	133	53	2.51
SCAF_680	13008	1562	120.08	0	781	59	67	0.88
SCAF_681	13001	884	67.99	0	442	33	36	0.92
SCAF_682	12997	1636	125.88	0	818	102	77	1.32
SCAF_683	12986	2280	175.57	0	1140	60	158	0.38
SCAF_684	12871	1254	97.43	0	627	43	50	0.86
SCAF_685	12842	1320	102.79	0	660	36	61	0.59
SCAF_686	12830	870	67.81	0	435	24	27	0.89
SCAF_687	12781	2000	156.48	0	1000	52	137	0.38
SCAF_688	12768	1118	87.56	0	559	46	48	0.96
SCAF_689	12768	2422	189.69	0	1211	92	157	0.59
SCAF_69	55942	10888	194.63	0	5444	393	731	0.54
SCAF_690	12764	1998	156.53	0	999	66	96	0.69
SCAF_691	12677	1140	89.93	0	570	40	43	0.93
SCAF_692	12675	1178	92.94	0	589	36	34	1.06
SCAF_693	12651	1030	81.42	0	515	22	33	0.67
SCAF_694	12646	630	49.82	0	315	13	24	0.54
SCAF_695	12643	1578	124.81	0	789	112	93	1.20
SCAF_696	12633	1912	151.35	0	956	84	134	0.63
SCAF_697	12625	2682	212.44	0	1341	83	161	0.52
SCAF_698	12617	2510	198.94	0	1255	132	139	0.95
SCAF_699	12540	1118	89.15	0	559	37	44	0.84
SCAF_7	1932263	438854	227.12	0	219427	25886	18561	1.39
SCAF_70	55722	8240	147.88	0	4120	602	459	1.31
SCAF_700	12515	452	36.12	0	226	0	3	0.00
SCAF_701	12482	600	48.07	0	300	12	25	0.48
SCAF_702	12461	1534	123.10	0	767	67	88	0.76
SCAF_703	12456	1366	109.67	0	683	68	59	1.15
SCAF_704	12456	548	43.99	0	274	5	10	0.50
SCAF_705	12358	430	34.80	0	215	16	5	3.20
SCAF_706	12350	1942	157.25	0	971	129	123	1.05
SCAF_707	12343	960	77.78	0	480	34	37	0.92
SCAF_708	12333	660	53.51	0	330	8	19	0.42
SCAF_709	12319	68	5.52	0	34	0	2	0.00
SCAF_71	55604	8244	148.26	0	4122	671	485	1.38
SCAF_710	12288	1194	97.17	0	597	25	39	0.64
SCAF_711	12252	2076	169.44	0	1038	156	117	1.33
SCAF_712	12218	1792	146.67	0	896	91	103	0.88
SCAF_713	12177	1902	156.20	0	951	150	95	1.58
SCAF_714	12167	1066	87.61	0	533	36	30	1.20
SCAF_715	12163	462	37.98	0	231	8	18	0.44
SCAF_716	12143	1770	145.76	0	885	60	137	0.44
SCAF_717	12102	600	49.58	0	300	14	21	0.67
SCAF_718	12099	1500	123.98	0	750	51	89	0.57
SCAF_719	12095	1400	115.75	0	700	52	68	0.76
SCAF_72	54709	8266	151.09	0	4133	188	458	0.41
SCAF_720	12085	1454	120.31	0	727	59	75	0.79
SCAF_721	12078	1440	119.23	0	720	63	74	0.85
SCAF_722	12066	804	66.63	0	402	32	28	1.14
SCAF_723	12015	3008	250.35	0	1504	104	221	0.47
SCAF_724	12004	1620	134.96	0	810	63	85	0.74
SCAF_725	11949	1512	126.54	0	756	61	86	0.71
SCAF_726	11911	728	61.12	0	364	16	22	0.73
SCAF_727	11900	890	74.79	0	445	10	17	0.59
SCAF_728	11869	1508	127.05	0	754	72	71	1.01
SCAF_729	11788	1912	162.20	0	956	111	82	1.35
SCAF_73	52157	6470	124.05	0	3235	131	387	0.34
SCAF_730	11785	1980	168.01	0	990	97	82	1.18
SCAF_731	11750	2498	212.60	0	1249	69	127	0.54
SCAF_732	11699	1158	98.98	0	579	52	50	1.04
SCAF_733	11674	808	69.21	0	404	12	23	0.52
SCAF_734	11658	1252	107.39	0	626	36	67	0.54
SCAF_735	11648	1434	123.11	0	717	87	63	1.38
SCAF_736	11642	2650	227.62	0	1325	104	211	0.49
SCAF_737	11612	656	56.49	0	328	17	27	0.63
SCAF_738	11595	836	72.10	0	418	12	14	0.86
SCAF_739	11525	2266	196.62	0	1133	71	53	1.34
SCAF_74	52077	8152	156.54	0	4076	528	433	1.22
SCAF_740	11505	2370	206.00	0	1185	71	168	0.42
SCAF_741	11492	2178	189.52	0	1089	59	98	0.60
SCAF_742	11467	4	0.35	0	2	0	0	0
SCAF_743	11404	410	35.95	0	205	7	7	1.00
SCAF_744	11377	2346	206.21	0	1173	101	138	0.73
SCAF_745	11364	1880	165.43	0	940	56	94	0.60
SCAF_746	11318	1570	138.72	0	785	72	72	1.00
SCAF_747	11311	1494	132.08	0	747	62	47	1.32
SCAF_748	11306	918	81.20	0	459	47	37	1.27
SCAF_749	11299	910	80.54	0	455	39	35	1.11
SCAF_75	51185	5136	100.34	0	2568	255	220	1.16
SCAF_750	11284	782	69.30	0	391	17	20	0.85
SCAF_751	11276	1264	112.10	0	632	37	45	0.82
SCAF_752	11267	698	61.95	0	349	20	26	0.77
SCAF_753	11254	894	79.44	0	447	35	34	1.03
SCAF_754	11236	2078	184.94	0	1039	81	101	0.80
SCAF_755	11231	1306	116.29	0	653	28	67	0.42
SCAF_756	11200	1318	117.68	0	659	71	64	1.11
SCAF_757	11195	1282	114.52	0	641	38	81	0.47
SCAF_758	11126	1194	107.32	0	597	43	48	0.90
SCAF_759	11118	1984	178.45	0	992	62	131	0.47
SCAF_76	50428	328	6.50	0	164	19	8	2.38
SCAF_760	11100	530	47.75	0	265	18	15	1.20
SCAF_761	11097	1556	140.22	0	778	53	70	0.76
SCAF_762	11029	714	64.74	0	357	33	26	1.27
SCAF_763	11019	746	67.70	0	373	31	26	1.19
SCAF_764	10979	1508	137.35	0	754	81	29	2.79
SCAF_765	10957	488	44.54	0	244	11	6	1.83
SCAF_766	10940	2018	184.46	0	1009	74	116	0.64
SCAF_767	10913	736	67.44	0	368	52	29	1.79
SCAF_768	10886	1030	94.62	0	515	58	53	1.09
SCAF_769	10867	1014	93.31	0	507	27	30	0.90
SCAF_77	50384	822	16.31	0	411	29	28	1.04
SCAF_770	10816	920	85.06	0	460	31	41	0.76
SCAF_771	10810	718	66.42	0	359	9	11	0.82
SCAF_772	10709	1456	135.96	0	728	48	49	0.98
SCAF_773	10688	1872	175.15	0	936	67	102	0.66
SCAF_774	10648	1252	117.58	0	626	74	49	1.51
SCAF_775	10642	698	65.59	0	349	18	14	1.29
SCAF_776	10612	836	78.78	0	418	24	42	0.57
SCAF_777	10608	1490	140.46	0	745	94	78	1.21
SCAF_778	10604	2074	195.59	0	1037	72	126	0.57
SCAF_779	10578	1322	124.98	0	661	48	67	0.72
SCAF_78	49366	7964	161.33	0	3982	505	469	1.08
SCAF_780	10571	974	92.14	0	487	18	25	0.72
SCAF_781	10511	590	56.13	0	295	10	19	0.53
SCAF_782	10492	790	75.30	0	395	13	25	0.52
SCAF_783	10421	2074	199.02	0	1037	54	141	0.38
SCAF_784	10379	1038	100.01	0	519	64	50	1.28
SCAF_785	10337	1456	140.85	0	728	67	90	0.74
SCAF_786	10326	1352	130.93	0	676	45	68	0.66
SCAF_787	10326	800	77.47	0	400	23	25	0.92
SCAF_788	10316	1812	175.65	0	906	63	95	0.66
SCAF_789	10256	224	21.84	0	112	0	1	0.00
SCAF_79	49160	4938	100.45	0	2469	233	178	1.31
SCAF_790	10228	938	91.71	0	469	47	27	1.74
SCAF_791	10185	2022	198.53	0	1011	79	164	0.48
SCAF_792	10184	1406	138.06	0	703	54	75	0.72
SCAF_793	10160	700	68.90	0	350	25	27	0.93
SCAF_794	10147	1086	107.03	0	543	39	70	0.56
SCAF_795	10110	402	39.76	0	201	15	12	1.25
SCAF_796	10045	596	59.33	0	298	11	19	0.58
SCAF_797	10015	610	60.91	0	305	16	13	1.23
SCAF_798	10012	2036	203.36	0	1018	67	140	0.48
SCAF_799	9978	472	47.30	0	236	20	15	1.33
SCAF_8	1669080	383070	229.51	0	191535	23201	15974	1.45
SCAF_80	48966	8426	172.08	0	4213	489	456	1.07
SCAF_800	9947	1004	100.93	0	502	43	31	1.39
SCAF_801	9941	1782	179.26	0	891	54	118	0.46
SCAF_802	9910	692	69.83	0	346	17	28	0.61
SCAF_803	9879	2006	203.06	0	1003	72	113	0.64
SCAF_804	9861	1006	102.02	0	503	64	39	1.64
SCAF_805	9859	828	83.98	0	414	29	20	1.45
SCAF_806	9855	3186	323.29	0	1593	161	219	0.74
SCAF_807	9792	1514	154.62	0	757	46	82	0.56
SCAF_808	9784	2072	211.77	0	1036	56	123	0.46
SCAF_809	9773	604	61.80	0	302	26	6	4.33
SCAF_81	48848	4318	88.40	0	2159	130	184	0.71
SCAF_810	9756	210	21.53	0	105	2	5	0.40
SCAF_811	9753	1068	109.50	0	534	16	28	0.57
SCAF_812	9719	654	67.29	0	327	21	14	1.50
SCAF_813	9715	634	65.26	0	317	20	21	0.95
SCAF_814	9708	1398	144.00	0	699	46	72	0.64
SCAF_815	9700	1172	120.82	0	586	42	55	0.76
SCAF_816	9673	1170	120.96	0	585	39	47	0.83
SCAF_817	9638	1494	155.01	0	747	32	74	0.43
SCAF_818	9601	1526	158.94	0	763	52	77	0.68
SCAF_819	9601	2060	214.56	0	1030	64	98	0.65
SCAF_82	48542	3960	81.58	0	1980	228	171	1.33
SCAF_820	9550	16	1.68	0	8	1	0	0
SCAF_821	9533	1046	109.72	0	523	44	61	0.72
SCAF_822	9498	1780	187.41	0	890	61	90	0.68
SCAF_823	9466	0	0.00	0	0	0	0	0
SCAF_824	9457	472	49.91	0	236	16	15	1.07
SCAF_825	9446	892	94.43	0	446	48	29	1.66
SCAF_826	9385	1020	108.68	0	510	53	55	0.96
SCAF_827	9376	700	74.66	0	350	42	39	1.08
SCAF_828	9365	420	44.85	0	210	11	12	0.92
SCAF_829	9320	784	84.12	0	392	45	32	1.41
SCAF_83	48542	8884	183.02	0	4442	220	589	0.37
SCAF_830	9303	1382	148.55	0	691	32	54	0.59
SCAF_831	9295	524	56.37	0	262	10	14	0.71
SCAF_832	9282	1232	132.73	0	616	39	60	0.65
SCAF_833	9263	540	58.30	0	270	16	26	0.62
SCAF_834	9159	1138	124.25	0	569	43	14	3.07
SCAF_835	9159	2396	261.60	0	1198	79	184	0.43
SCAF_836	9157	1142	124.71	0	571	54	51	1.06
SCAF_837	9095	504	55.42	0	252	7	6	1.17
SCAF_838	9078	1050	115.66	0	525	45	24	1.88
SCAF_839	9057	722	79.72	0	361	24	24	1.00
SCAF_84	47775	6352	132.96	0	3176	263	318	0.83
SCAF_840	9014	880	97.63	0	440	26	27	0.96
SCAF_841	8986	1294	144.00	0	647	77	61	1.26
SCAF_842	8986	352	39.17	0	176	11	10	1.10
SCAF_843	8952	560	62.56	0	280	20	34	0.59
SCAF_844	8935	660	73.87	0	330	22	13	1.69
SCAF_845	8927	1058	118.52	0	529	65	46	1.41
SCAF_846	8908	1202	134.93	0	601	31	31	1.00
SCAF_847	8868	1370	154.49	0	685	71	74	0.96
SCAF_848	8867	1280	144.36	0	640	51	57	0.89
SCAF_849	8825	1226	138.92	0	613	71	56	1.27
SCAF_85	47318	7940	167.80	0	3970	500	460	1.09
SCAF_850	8771	1038	118.34	0	519	33	42	0.79
SCAF_851	8703	2148	246.81	0	1074	77	146	0.53
SCAF_852	8695	244	28.06	0	122	7	2	3.50
SCAF_853	8662	102	11.78	0	51	0	0	0
SCAF_854	8634	990	114.66	0	495	25	36	0.69
SCAF_855	8630	636	73.70	0	318	19	24	0.79
SCAF_856	8617	6	0.70	0	3	0	0	0
SCAF_857	8469	1646	194.36	0	823	71	112	0.63
SCAF_858	8431	472	55.98	0	236	11	2	5.50
SCAF_859	8397	1062	126.47	0	531	33	33	1.00
SCAF_86	46994	7244	154.15	0	3622	471	405	1.16
SCAF_860	8390	272	32.42	0	136	8	8	1.00
SCAF_861	8357	516	61.74	0	258	10	19	0.53
SCAF_862	8342	1610	193.00	0	805	56	51	1.10
SCAF_863	8337	998	119.71	0	499	29	41	0.71
SCAF_864	8258	628	76.05	0	314	25	23	1.09
SCAF_865	8103	882	108.85	0	441	33	39	0.85
SCAF_866	8034	720	89.62	0	360	32	31	1.03
SCAF_867	8027	994	123.83	0	497	44	47	0.94
SCAF_868	8017	1026	127.98	0	513	30	47	0.64
SCAF_869	8015	492	61.38	0	246	19	11	1.73
SCAF_87	46805	7338	156.78	0	3669	514	359	1.43
SCAF_870	8015	1370	170.93	0	685	47	99	0.47
SCAF_871	8000	858	107.25	0	429	30	37	0.81
SCAF_872	7790	908	116.56	0	454	32	23	1.39
SCAF_873	7773	760	97.77	0	380	21	28	0.75
SCAF_874	7763	950	122.38	0	475	63	44	1.43
SCAF_875	7721	304	39.37	0	152	9	6	1.50
SCAF_876	7701	652	84.66	0	326	27	31	0.87
SCAF_877	7680	352	45.83	0	176	8	10	0.80
SCAF_878	7622	1336	175.28	0	668	32	58	0.55
SCAF_879	7582	440	58.03	0	220	22	23	0.96
SCAF_88	46738	11462	245.24	0	5731	430	901	0.48
SCAF_880	7559	756	100.01	0	378	35	31	1.13
SCAF_881	7416	2566	346.01	0	1283	164	64	2.56
SCAF_882	7394	1294	175.01	0	647	45	62	0.73
SCAF_883	7363	820	111.37	0	410	26	28	0.93
SCAF_884	7338	1502	204.69	0	751	44	133	0.33
SCAF_885	7324	336	45.88	0	168	5	8	0.62
SCAF_886	7276	284	39.03	0	142	5	11	0.45
SCAF_887	7242	440	60.76	0	220	17	17	1.00
SCAF_888	7231	554	76.61	0	277	15	15	1.00
SCAF_889	7198	364	50.57	0	182	10	11	0.91
SCAF_89	46547	5284	113.52	0	2642	310	333	0.93
SCAF_890	7142	794	111.17	0	397	24	25	0.96
SCAF_891	7028	732	104.15	0	366	35	37	0.95
SCAF_892	7025	952	135.52	0	476	34	33	1.03
SCAF_893	7015	1022	145.69	0	511	39	66	0.59
SCAF_894	6958	1130	162.40	0	565	32	81	0.40
SCAF_895	6948	718	103.34	0	359	36	40	0.90
SCAF_896	6829	8	1.17	0	4	0	0	0
SCAF_897	6804	924	135.80	0	462	26	54	0.48
SCAF_898	6754	1998	295.82	0	999	178	56	3.18
SCAF_899	6732	1236	183.60	0	618	45	96	0.47
SCAF_9	1646134	376686	228.83	0	188343	22013	16386	1.34
SCAF_90	46221	5136	111.12	0	2568	197	245	0.80
SCAF_900	6698	462	68.98	0	231	24	16	1.50
SCAF_901	6642	956	143.93	0	478	26	66	0.39
SCAF_902	6588	758	115.06	0	379	34	36	0.94
SCAF_903	6549	860	131.32	0	430	44	35	1.26
SCAF_904	6496	1092	168.10	0	546	41	55	0.75
SCAF_905	6483	474	73.11	0	237	13	13	1.00
SCAF_906	6367	538	84.50	0	269	15	15	1.00
SCAF_907	6367	566	88.90	0	283	35	29	1.21
SCAF_908	6228	108	17.34	0	54	6	8	0.75
SCAF_909	6173	546	88.45	0	273	35	19	1.84
SCAF_91	44916	6586	146.63	0	3293	441	404	1.09
SCAF_910	6170	328	53.16	0	164	17	14	1.21
SCAF_911	6077	0	0.00	0	0	0	0	0
SCAF_912	6073	0	0.00	0	0	0	0	0
SCAF_913	6059	0	0.00	0	0	0	0	0
SCAF_914	6001	0	0.00	0	0	0	0	0
SCAF_915	5869	0	0.00	0	0	0	0	0
SCAF_916	5803	0	0.00	0	0	0	0	0
SCAF_917	5661	0	0.00	0	0	0	0	0
SCAF_918	5277	0	0.00	0	0	0	0	0
SCAF_92	44616	122	2.73	0	61	1	5	0.20
SCAF_93	44136	2980	67.52	0	1490	102	125	0.82
SCAF_94	43913	4950	112.72	0	2475	235	223	1.05
SCAF_95	43808	6830	155.91	0	3415	255	364	0.70
SCAF_96	43342	4310	99.44	0	2155	168	188	0.89
SCAF_97	43038	418	9.71	0	209	3	4	0.75
SCAF_98	42896	3864	90.08	0	1932	153	177	0.86
SCAF_99	42178	4306	102.09	0	2153	257	235	1.09
Totals	51514314	9545118	185.29	0	4772559	530945	418784	1.27
