Chromosome	Length	Total Variants	VarPerKb	SNP	INDEL	Ts	Tv	Ts/Tv
SCAF_1	5574741	0	0.00	0	0	0	0	0
SCAF_10	1570817	0	0.00	0	0	0	0	0
SCAF_100	41993	3856	91.82	0	1928	123	178	0.69
SCAF_101	41585	7252	174.39	0	3626	420	377	1.11
SCAF_102	41267	96	2.33	0	48	1	3	0.33
SCAF_103	41164	5098	123.85	0	2549	217	234	0.93
SCAF_104	40984	8350	203.74	0	4175	246	525	0.47
SCAF_105	40971	2634	64.29	0	1317	133	104	1.28
SCAF_106	40689	6470	159.01	0	3235	404	366	1.10
SCAF_107	40038	3118	77.88	0	1559	175	113	1.55
SCAF_108	39998	3894	97.35	0	1947	154	149	1.03
SCAF_109	39904	4844	121.39	0	2422	166	219	0.76
SCAF_11	1437752	403966	280.97	0	201983	24713	19007	1.30
SCAF_110	39605	3638	91.86	0	1819	223	146	1.53
SCAF_111	39279	8902	226.64	0	4451	386	574	0.67
SCAF_112	39164	150	3.83	0	75	2	0	0
SCAF_113	39049	9040	231.50	0	4520	326	658	0.50
SCAF_114	38983	4024	103.22	0	2012	186	189	0.98
SCAF_115	38824	10698	275.55	0	5349	765	271	2.82
SCAF_116	37823	2850	75.35	0	1425	127	80	1.59
SCAF_117	37728	206	5.46	0	103	1	3	0.33
SCAF_118	37705	6348	168.36	0	3174	393	353	1.11
SCAF_119	37514	5878	156.69	0	2939	359	277	1.30
SCAF_12	978195	241636	247.02	0	120818	14629	10847	1.35
SCAF_120	37456	218	5.82	0	109	2	3	0.67
SCAF_121	37441	72	1.92	0	36	0	2	0.00
SCAF_122	37347	4428	118.56	0	2214	153	88	1.74
SCAF_123	37222	7862	211.22	0	3931	198	536	0.37
SCAF_124	36961	2880	77.92	0	1440	127	42	3.02
SCAF_125	36710	7058	192.26	0	3529	216	406	0.53
SCAF_126	36614	3996	109.14	0	1998	125	163	0.77
SCAF_127	36584	4668	127.60	0	2334	239	176	1.36
SCAF_128	36068	6478	179.61	0	3239	397	420	0.95
SCAF_129	35972	5874	163.29	0	2937	437	355	1.23
SCAF_13	598471	78564	131.27	0	39282	3311	2023	1.64
SCAF_130	35925	5756	160.22	0	2878	358	331	1.08
SCAF_131	35704	1798	50.36	0	899	35	50	0.70
SCAF_132	35264	4552	129.08	0	2276	253	244	1.04
SCAF_133	35121	86	2.45	0	43	0	1	0.00
SCAF_134	35117	4162	118.52	0	2081	218	176	1.24
SCAF_135	34903	6982	200.04	0	3491	180	446	0.40
SCAF_136	34900	126	3.61	0	63	0	2	0.00
SCAF_137	34765	6330	182.08	0	3165	197	403	0.49
SCAF_138	34687	6026	173.73	0	3013	135	179	0.75
SCAF_139	34615	4988	144.10	0	2494	318	258	1.23
SCAF_14	247525	2394	9.67	0	1197	14	35	0.40
SCAF_140	34599	254	7.34	0	127	3	2	1.50
SCAF_141	34497	4648	134.74	0	2324	236	138	1.71
SCAF_142	34440	124	3.60	0	62	0	2	0.00
SCAF_143	34384	7792	226.62	0	3896	236	552	0.43
SCAF_144	34330	6576	191.55	0	3288	165	454	0.36
SCAF_145	34087	3836	112.54	0	1918	190	163	1.17
SCAF_146	33692	4222	125.31	0	2111	264	242	1.09
SCAF_147	33483	94	2.81	0	47	1	1	1.00
SCAF_148	33469	2696	80.55	0	1348	133	105	1.27
SCAF_149	33420	98	2.93	0	49	0	3	0.00
SCAF_15	224905	30232	134.42	0	15116	1889	1594	1.19
SCAF_150	33347	2742	82.23	0	1371	74	92	0.80
SCAF_151	33283	5420	162.85	0	2710	155	126	1.23
SCAF_152	33266	6248	187.82	0	3124	128	408	0.31
SCAF_153	33237	3712	111.68	0	1856	127	167	0.76
SCAF_154	33139	3336	100.67	0	1668	98	124	0.79
SCAF_155	33127	102	3.08	0	51	0	0	0
SCAF_156	32748	5264	160.74	0	2632	133	169	0.79
SCAF_157	32666	5856	179.27	0	2928	208	212	0.98
SCAF_158	32618	4388	134.53	0	2194	123	187	0.66
SCAF_159	32358	1928	59.58	0	964	24	42	0.57
SCAF_16	181804	17988	98.94	0	8994	347	510	0.68
SCAF_160	32136	5780	179.86	0	2890	177	365	0.48
SCAF_161	32035	7898	246.54	0	3949	296	605	0.49
SCAF_162	31954	2442	76.42	0	1221	115	69	1.67
SCAF_163	31782	6024	189.54	0	3012	218	448	0.49
SCAF_164	31669	5948	187.82	0	2974	162	382	0.42
SCAF_165	31629	5576	176.29	0	2788	410	351	1.17
SCAF_166	31581	3250	102.91	0	1625	104	142	0.73
SCAF_167	31556	4078	129.23	0	2039	141	201	0.70
SCAF_168	31421	7986	254.16	0	3993	327	595	0.55
SCAF_169	31314	7796	248.96	0	3898	185	564	0.33
SCAF_17	176395	25242	143.10	0	12621	1463	1141	1.28
SCAF_170	31127	3762	120.86	0	1881	148	152	0.97
SCAF_171	31061	182	5.86	0	91	1	2	0.50
SCAF_172	31059	1862	59.95	0	931	40	33	1.21
SCAF_173	30866	3510	113.72	0	1755	110	163	0.67
SCAF_174	30739	70	2.28	0	35	1	2	0.50
SCAF_175	30330	2556	84.27	0	1278	127	80	1.59
SCAF_176	30301	2304	76.04	0	1152	81	74	1.09
SCAF_177	30226	2698	89.26	0	1349	161	111	1.45
SCAF_178	30187	1906	63.14	0	953	86	74	1.16
SCAF_179	30183	6580	218.00	0	3290	248	484	0.51
SCAF_18	160122	16424	102.57	0	8212	947	758	1.25
SCAF_180	30131	4048	134.35	0	2024	198	165	1.20
SCAF_181	30071	2918	97.04	0	1459	184	133	1.38
SCAF_182	30032	5442	181.21	0	2721	283	271	1.04
SCAF_183	30005	638	21.26	0	319	25	19	1.32
SCAF_184	29541	3746	126.81	0	1873	148	74	2.00
SCAF_185	29415	2820	95.87	0	1410	137	93	1.47
SCAF_186	29375	5406	184.03	0	2703	217	373	0.58
SCAF_187	29360	2542	86.58	0	1271	102	91	1.12
SCAF_188	29327	4282	146.01	0	2141	329	284	1.16
SCAF_189	29236	2688	91.94	0	1344	116	109	1.06
SCAF_19	139354	5810	41.69	0	2905	322	186	1.73
SCAF_190	29216	5712	195.51	0	2856	188	179	1.05
SCAF_191	29200	3228	110.55	0	1614	83	105	0.79
SCAF_192	29083	374	12.86	0	187	8	3	2.67
SCAF_193	29081	3200	110.04	0	1600	131	139	0.94
SCAF_194	28863	986	34.16	0	493	21	21	1.00
SCAF_195	28688	3754	130.86	0	1877	123	150	0.82
SCAF_196	28688	5794	201.97	0	2897	199	377	0.53
SCAF_197	28670	3734	130.24	0	1867	198	184	1.08
SCAF_198	28585	3906	136.65	0	1953	214	224	0.96
SCAF_199	28585	2930	102.50	0	1465	121	78	1.55
SCAF_2	4079479	0	0.00	0	0	0	0	0
SCAF_20	131876	20294	153.89	0	10147	1336	1071	1.25
SCAF_200	28563	7792	272.80	0	3896	304	582	0.52
SCAF_201	28551	2998	105.01	0	1499	95	117	0.81
SCAF_202	28219	6234	220.91	0	3117	245	444	0.55
SCAF_203	28217	2448	86.76	0	1224	109	91	1.20
SCAF_204	28187	3816	135.38	0	1908	83	82	1.01
SCAF_205	28138	4710	167.39	0	2355	119	321	0.37
SCAF_206	28111	3754	133.54	0	1877	101	182	0.55
SCAF_207	27959	4502	161.02	0	2251	265	247	1.07
SCAF_208	27935	104	3.72	0	52	0	1	0.00
SCAF_209	27830	5360	192.60	0	2680	173	326	0.53
SCAF_21	130124	16342	125.59	0	8171	1010	878	1.15
SCAF_210	27781	5508	198.27	0	2754	145	363	0.40
SCAF_211	27774	3958	142.51	0	1979	310	237	1.31
SCAF_212	27772	1864	67.12	0	932	103	121	0.85
SCAF_213	27728	2862	103.22	0	1431	155	130	1.19
SCAF_214	27690	7164	258.72	0	3582	244	485	0.50
SCAF_215	27659	36	1.30	0	18	0	0	0
SCAF_216	27637	2926	105.87	0	1463	152	120	1.27
SCAF_217	27634	3210	116.16	0	1605	144	135	1.07
SCAF_218	27594	4190	151.84	0	2095	248	232	1.07
SCAF_219	27563	2398	87.00	0	1199	54	67	0.81
SCAF_22	121580	19010	156.36	0	9505	1255	984	1.28
SCAF_220	27545	4480	162.64	0	2240	301	272	1.11
SCAF_221	27530	5188	188.45	0	2594	198	334	0.59
SCAF_222	27515	1976	71.82	0	988	54	81	0.67
SCAF_223	27476	3888	141.51	0	1944	123	221	0.56
SCAF_224	27450	3480	126.78	0	1740	86	159	0.54
SCAF_225	27344	2602	95.16	0	1301	66	89	0.74
SCAF_226	27270	3046	111.70	0	1523	171	134	1.28
SCAF_227	27232	3310	121.55	0	1655	107	161	0.66
SCAF_228	27189	3242	119.24	0	1621	90	72	1.25
SCAF_229	27037	2378	87.95	0	1189	91	82	1.11
SCAF_23	117381	18592	158.39	0	9296	1112	891	1.25
SCAF_230	26948	1990	73.85	0	995	118	88	1.34
SCAF_231	26899	4378	162.76	0	2189	150	296	0.51
SCAF_232	26856	4724	175.90	0	2362	136	257	0.53
SCAF_233	26767	2280	85.18	0	1140	83	96	0.86
SCAF_234	26700	6	0.22	0	3	0	0	0
SCAF_235	26660	210	7.88	0	105	5	1	5.00
SCAF_236	26499	8162	308.01	0	4081	245	682	0.36
SCAF_237	26482	2722	102.79	0	1361	139	126	1.10
SCAF_238	26369	3482	132.05	0	1741	123	247	0.50
SCAF_239	26171	5392	206.03	0	2696	187	398	0.47
SCAF_24	115879	14898	128.57	0	7449	819	691	1.19
SCAF_240	26148	2934	112.21	0	1467	109	145	0.75
SCAF_241	26131	3874	148.25	0	1937	231	185	1.25
SCAF_242	26114	5532	211.84	0	2766	159	391	0.41
SCAF_243	26085	3312	126.97	0	1656	118	200	0.59
SCAF_244	26060	2518	96.62	0	1259	71	108	0.66
SCAF_245	25968	3318	127.77	0	1659	104	167	0.62
SCAF_246	25946	70	2.70	0	35	0	0	0
SCAF_247	25940	4128	159.14	0	2064	256	263	0.97
SCAF_248	25895	1892	73.06	0	946	47	76	0.62
SCAF_249	25885	6578	254.12	0	3289	266	472	0.56
SCAF_25	115495	22458	194.45	0	11229	1107	1184	0.93
SCAF_250	25884	3324	128.42	0	1662	189	159	1.19
SCAF_251	25874	2614	101.03	0	1307	80	78	1.03
SCAF_252	25864	2424	93.72	0	1212	62	75	0.83
SCAF_253	25825	3898	150.94	0	1949	131	248	0.53
SCAF_254	25798	5010	194.20	0	2505	142	145	0.98
SCAF_255	25728	2128	82.71	0	1064	68	78	0.87
SCAF_256	25725	3362	130.69	0	1681	109	156	0.70
SCAF_257	25720	3090	120.14	0	1545	163	142	1.15
SCAF_258	25700	4684	182.26	0	2342	142	139	1.02
SCAF_259	25645	2788	108.72	0	1394	116	130	0.89
SCAF_26	113072	16600	146.81	0	8300	1064	774	1.37
SCAF_260	25595	3892	152.06	0	1946	189	157	1.20
SCAF_261	25593	5396	210.84	0	2698	210	407	0.52
SCAF_262	25592	4814	188.11	0	2407	166	321	0.52
SCAF_263	25481	2944	115.54	0	1472	147	116	1.27
SCAF_264	25444	5028	197.61	0	2514	339	301	1.13
SCAF_265	25436	3746	147.27	0	1873	97	206	0.47
SCAF_266	25377	2600	102.45	0	1300	150	99	1.52
SCAF_267	25340	3688	145.54	0	1844	272	216	1.26
SCAF_268	25329	3938	155.47	0	1969	146	222	0.66
SCAF_269	25264	2692	106.55	0	1346	85	135	0.63
SCAF_27	110609	28660	259.11	0	14330	2308	817	2.82
SCAF_270	25225	4592	182.04	0	2296	105	282	0.37
SCAF_271	25206	2764	109.66	0	1382	71	63	1.13
SCAF_272	25161	2720	108.10	0	1360	116	107	1.08
SCAF_273	25090	2774	110.56	0	1387	78	101	0.77
SCAF_274	24834	2976	119.84	0	1488	77	140	0.55
SCAF_275	24832	4252	171.23	0	2126	224	175	1.28
SCAF_276	24811	3008	121.24	0	1504	159	114	1.39
SCAF_277	24713	2258	91.37	0	1129	113	109	1.04
SCAF_278	24673	3740	151.58	0	1870	104	217	0.48
SCAF_279	24542	4854	197.78	0	2427	202	296	0.68
SCAF_28	109542	7652	69.85	0	3826	419	279	1.50
SCAF_280	24528	2644	107.80	0	1322	95	105	0.90
SCAF_281	24435	1466	60.00	0	733	56	33	1.70
SCAF_282	24359	1900	78.00	0	950	63	102	0.62
SCAF_283	24173	3140	129.90	0	1570	169	171	0.99
SCAF_284	24152	70	2.90	0	35	0	1	0.00
SCAF_285	24110	1466	60.80	0	733	39	43	0.91
SCAF_286	24066	1426	59.25	0	713	37	19	1.95
SCAF_287	23981	1066	44.45	0	533	26	27	0.96
SCAF_288	23980	3220	134.28	0	1610	120	178	0.67
SCAF_289	23950	3076	128.43	0	1538	126	134	0.94
SCAF_29	108319	29606	273.32	0	14803	1993	1229	1.62
SCAF_290	23945	2536	105.91	0	1268	111	136	0.82
SCAF_291	23886	2996	125.43	0	1498	106	140	0.76
SCAF_292	23860	1764	73.93	0	882	63	38	1.66
SCAF_293	23814	4488	188.46	0	2244	204	342	0.60
SCAF_294	23796	5644	237.18	0	2822	137	388	0.35
SCAF_295	23767	7272	305.97	0	3636	254	505	0.50
SCAF_296	23762	3132	131.81	0	1566	85	74	1.15
SCAF_297	23695	3922	165.52	0	1961	227	179	1.27
SCAF_298	23666	2938	124.14	0	1469	97	131	0.74
SCAF_299	23648	2338	98.87	0	1169	93	54	1.72
SCAF_3	3666439	0	0.00	0	0	0	0	0
SCAF_30	107902	14648	135.75	0	7324	605	252	2.40
SCAF_300	23643	52	2.20	0	26	0	0	0
SCAF_301	23638	1694	71.66	0	847	60	39	1.54
SCAF_302	23633	5904	249.82	0	2952	139	444	0.31
SCAF_303	23629	5066	214.40	0	2533	162	366	0.44
SCAF_304	23571	3888	164.95	0	1944	217	203	1.07
SCAF_305	23555	2566	108.94	0	1283	142	114	1.25
SCAF_306	23322	1578	67.66	0	789	82	70	1.17
SCAF_307	23295	4492	192.83	0	2246	123	321	0.38
SCAF_308	23075	6	0.26	0	3	0	0	0
SCAF_309	23057	4012	174.00	0	2006	144	302	0.48
SCAF_31	106626	10486	98.34	0	5243	491	215	2.28
SCAF_310	23011	5866	254.92	0	2933	209	448	0.47
SCAF_311	22999	1364	59.31	0	682	39	37	1.05
SCAF_312	22896	6344	277.08	0	3172	243	506	0.48
SCAF_313	22877	1658	72.47	0	829	58	50	1.16
SCAF_314	22871	54	2.36	0	27	0	2	0.00
SCAF_315	22844	2050	89.74	0	1025	50	34	1.47
SCAF_316	22844	1936	84.75	0	968	64	115	0.56
SCAF_317	22833	3930	172.12	0	1965	186	271	0.69
SCAF_318	22713	3104	136.66	0	1552	82	66	1.24
SCAF_319	22685	1942	85.61	0	971	64	74	0.86
SCAF_32	102192	13536	132.46	0	6768	658	361	1.82
SCAF_320	22653	2240	98.88	0	1120	68	82	0.83
SCAF_321	22554	5444	241.38	0	2722	191	377	0.51
SCAF_322	22539	4294	190.51	0	2147	115	268	0.43
SCAF_323	22525	1692	75.12	0	846	85	42	2.02
SCAF_324	22489	3696	164.35	0	1848	286	196	1.46
SCAF_325	22468	2574	114.56	0	1287	139	107	1.30
SCAF_326	22392	34	1.52	0	17	0	0	0
SCAF_327	22337	1548	69.30	0	774	37	59	0.63
SCAF_328	22280	0	0.00	0	0	0	0	0
SCAF_329	22245	2736	122.99	0	1368	98	120	0.82
SCAF_33	98221	16832	171.37	0	8416	1096	955	1.15
SCAF_330	22040	2490	112.98	0	1245	95	116	0.82
SCAF_331	22029	1298	58.92	0	649	23	30	0.77
SCAF_332	21923	3904	178.08	0	1952	133	225	0.59
SCAF_333	21867	1184	54.15	0	592	44	26	1.69
SCAF_334	21813	4392	201.35	0	2196	161	258	0.62
SCAF_335	21800	2912	133.58	0	1456	130	129	1.01
SCAF_336	21691	2376	109.54	0	1188	63	68	0.93
SCAF_337	21675	2686	123.92	0	1343	64	102	0.63
SCAF_338	21621	2712	125.43	0	1356	78	73	1.07
SCAF_339	21529	2442	113.43	0	1221	73	67	1.09
SCAF_34	97882	16086	164.34	0	8043	1106	842	1.31
SCAF_340	21472	2670	124.35	0	1335	106	82	1.29
SCAF_341	21449	3908	182.20	0	1954	127	189	0.67
SCAF_342	21444	5924	276.25	0	2962	424	146	2.90
SCAF_343	21365	2730	127.78	0	1365	90	156	0.58
SCAF_344	21355	1840	86.16	0	920	123	70	1.76
SCAF_345	21334	4414	206.90	0	2207	167	309	0.54
SCAF_346	21294	8	0.38	0	4	0	2	0.00
SCAF_347	21288	2208	103.72	0	1104	67	72	0.93
SCAF_348	21209	1340	63.18	0	670	89	59	1.51
SCAF_349	21199	1764	83.21	0	882	54	55	0.98
SCAF_35	95705	7316	76.44	0	3658	142	126	1.13
SCAF_350	21189	1872	88.35	0	936	29	30	0.97
SCAF_351	21106	2628	124.51	0	1314	182	162	1.12
SCAF_352	21098	1526	72.33	0	763	54	51	1.06
SCAF_353	21078	1534	72.78	0	767	62	56	1.11
SCAF_354	20991	2082	99.19	0	1041	82	87	0.94
SCAF_355	20981	720	34.32	0	360	12	9	1.33
SCAF_356	20980	4652	221.73	0	2326	153	300	0.51
SCAF_357	20976	1806	86.10	0	903	47	75	0.63
SCAF_358	20871	1546	74.07	0	773	57	40	1.43
SCAF_359	20831	2132	102.35	0	1066	65	86	0.76
SCAF_36	94431	10690	113.20	0	5345	699	503	1.39
SCAF_360	20777	1952	93.95	0	976	52	68	0.76
SCAF_361	20737	2886	139.17	0	1443	100	155	0.65
SCAF_362	20702	3966	191.58	0	1983	191	217	0.88
SCAF_363	20586	362	17.58	0	181	22	13	1.69
SCAF_364	20574	2744	133.37	0	1372	155	153	1.01
SCAF_365	20553	1102	53.62	0	551	37	33	1.12
SCAF_366	20522	1804	87.91	0	902	55	68	0.81
SCAF_367	20517	1604	78.18	0	802	59	51	1.16
SCAF_368	20452	1644	80.38	0	822	82	76	1.08
SCAF_369	20438	2768	135.43	0	1384	177	146	1.21
SCAF_37	92851	11654	125.51	0	5827	593	468	1.27
SCAF_370	20350	3502	172.09	0	1751	96	93	1.03
SCAF_371	20349	2668	131.11	0	1334	79	74	1.07
SCAF_372	20285	894	44.07	0	447	57	19	3.00
SCAF_373	20282	1506	74.25	0	753	49	24	2.04
SCAF_374	20282	52	2.56	0	26	0	1	0.00
SCAF_375	20179	3006	148.97	0	1503	105	121	0.87
SCAF_376	20174	5782	286.61	0	2891	209	406	0.51
SCAF_377	20160	4410	218.75	0	2205	147	306	0.48
SCAF_378	20157	32	1.59	0	16	0	0	0
SCAF_379	20150	2344	116.33	0	1172	131	117	1.12
SCAF_38	89142	11320	126.99	0	5660	764	607	1.26
SCAF_380	20140	2048	101.69	0	1024	64	58	1.10
SCAF_381	20082	2860	142.42	0	1430	105	142	0.74
SCAF_382	20068	2066	102.95	0	1033	56	72	0.78
SCAF_383	20052	2344	116.90	0	1172	87	109	0.80
SCAF_384	20039	2768	138.13	0	1384	158	146	1.08
SCAF_385	20036	2650	132.26	0	1325	117	102	1.15
SCAF_386	20004	4384	219.16	0	2192	150	328	0.46
SCAF_387	19967	2436	122.00	0	1218	72	120	0.60
SCAF_388	19953	4112	206.08	0	2056	223	151	1.48
SCAF_389	19874	1894	95.30	0	947	45	40	1.12
SCAF_39	88257	11760	133.25	0	5880	584	532	1.10
SCAF_390	19870	112	5.64	0	56	0	1	0.00
SCAF_391	19819	2932	147.94	0	1466	69	145	0.48
SCAF_392	19814	2330	117.59	0	1165	70	86	0.81
SCAF_393	19805	1596	80.59	0	798	88	75	1.17
SCAF_394	19796	4868	245.91	0	2434	145	358	0.41
SCAF_395	19788	100	5.05	0	50	0	1	0.00
SCAF_396	19769	2936	148.52	0	1468	74	126	0.59
SCAF_397	19737	2166	109.74	0	1083	142	98	1.45
SCAF_398	19694	4628	235.00	0	2314	192	239	0.80
SCAF_399	19627	4126	210.22	0	2063	141	276	0.51
SCAF_4	2601389	0	0.00	0	0	0	0	0
SCAF_40	85354	14554	170.51	0	7277	907	763	1.19
SCAF_400	19559	3684	188.35	0	1842	159	234	0.68
SCAF_401	19529	3428	175.53	0	1714	139	199	0.70
SCAF_402	19485	1960	100.59	0	980	69	77	0.90
SCAF_403	19440	2008	103.29	0	1004	88	83	1.06
SCAF_404	19429	1738	89.45	0	869	56	58	0.97
SCAF_405	19412	1612	83.04	0	806	60	69	0.87
SCAF_406	19412	3022	155.68	0	1511	122	159	0.77
SCAF_407	19392	2580	133.04	0	1290	94	122	0.77
SCAF_408	19383	1608	82.96	0	804	52	63	0.83
SCAF_409	19350	2126	109.87	0	1063	72	86	0.84
SCAF_41	82239	10268	124.86	0	5134	784	508	1.54
SCAF_410	19334	3664	189.51	0	1832	131	211	0.62
SCAF_411	19319	652	33.75	0	326	10	6	1.67
SCAF_412	19298	3702	191.83	0	1851	305	184	1.66
SCAF_413	19281	3356	174.06	0	1678	195	147	1.33
SCAF_414	19250	1732	89.97	0	866	95	89	1.07
SCAF_415	19240	2806	145.84	0	1403	118	152	0.78
SCAF_416	19198	1766	91.99	0	883	95	62	1.53
SCAF_417	19156	1486	77.57	0	743	39	57	0.68
SCAF_418	19069	0	0.00	0	0	0	0	0
SCAF_419	19061	1756	92.13	0	878	80	60	1.33
SCAF_42	77162	9478	122.83	0	4739	671	491	1.37
SCAF_420	19040	1674	87.92	0	837	44	56	0.79
SCAF_421	19012	4890	257.21	0	2445	154	316	0.49
SCAF_422	18950	924	48.76	0	462	49	34	1.44
SCAF_423	18945	4710	248.61	0	2355	164	367	0.45
SCAF_424	18943	1360	71.79	0	680	44	40	1.10
SCAF_425	18932	2764	146.00	0	1382	99	171	0.58
SCAF_426	18882	2138	113.23	0	1069	77	106	0.73
SCAF_427	18874	2534	134.26	0	1267	131	128	1.02
SCAF_428	18866	2304	122.12	0	1152	136	107	1.27
SCAF_429	18866	1798	95.30	0	899	101	98	1.03
SCAF_43	76714	12056	157.16	0	6028	795	629	1.26
SCAF_430	18815	3054	162.32	0	1527	68	147	0.46
SCAF_431	18805	2388	126.99	0	1194	146	155	0.94
SCAF_432	18790	3086	164.24	0	1543	182	167	1.09
SCAF_433	18773	1976	105.26	0	988	70	76	0.92
SCAF_434	18766	1582	84.30	0	791	79	58	1.36
SCAF_435	18753	1572	83.83	0	786	84	64	1.31
SCAF_436	18746	806	43.00	0	403	85	42	2.02
SCAF_437	18721	4154	221.89	0	2077	108	345	0.31
SCAF_438	18669	2156	115.49	0	1078	72	69	1.04
SCAF_439	18588	1204	64.77	0	602	54	23	2.35
SCAF_44	76272	7706	101.03	0	3853	316	178	1.78
SCAF_440	18561	3272	176.28	0	1636	124	116	1.07
SCAF_441	18530	2278	122.94	0	1139	128	85	1.51
SCAF_442	18489	1946	105.25	0	973	58	83	0.70
SCAF_443	18479	2040	110.40	0	1020	55	84	0.65
SCAF_444	18424	2040	110.73	0	1020	116	79	1.47
SCAF_445	18396	4404	239.40	0	2202	136	287	0.47
SCAF_446	18392	1528	83.08	0	764	94	74	1.27
SCAF_447	18255	2630	144.07	0	1315	86	134	0.64
SCAF_448	18252	2390	130.94	0	1195	131	120	1.09
SCAF_449	18248	3672	201.23	0	1836	125	257	0.49
SCAF_45	73110	17698	242.07	0	8849	466	1324	0.35
SCAF_450	18208	1422	78.10	0	711	46	44	1.05
SCAF_451	18202	2328	127.90	0	1164	89	87	1.02
SCAF_452	18192	2136	117.41	0	1068	65	77	0.84
SCAF_453	18150	1350	74.38	0	675	43	51	0.84
SCAF_454	18134	1436	79.19	0	718	37	64	0.58
SCAF_455	18114	1666	91.97	0	833	39	58	0.67
SCAF_456	18112	1554	85.80	0	777	52	48	1.08
SCAF_457	18054	3710	205.49	0	1855	248	194	1.28
SCAF_458	18006	4188	232.59	0	2094	161	310	0.52
SCAF_459	18000	1848	102.67	0	924	60	66	0.91
SCAF_46	72118	11660	161.68	0	5830	863	722	1.20
SCAF_460	17967	2016	112.21	0	1008	83	68	1.22
SCAF_461	17943	2626	146.35	0	1313	89	108	0.82
SCAF_462	17929	1454	81.10	0	727	54	19	2.84
SCAF_463	17921	840	46.87	0	420	16	20	0.80
SCAF_464	17913	4766	266.06	0	2383	201	336	0.60
SCAF_465	17912	2134	119.14	0	1067	83	127	0.65
SCAF_466	17886	1734	96.95	0	867	71	53	1.34
SCAF_467	17859	840	47.04	0	420	37	12	3.08
SCAF_468	17837	1184	66.38	0	592	46	47	0.98
SCAF_469	17802	1750	98.30	0	875	60	60	1.00
SCAF_47	70166	11294	160.96	0	5647	735	616	1.19
SCAF_470	17776	1128	63.46	0	564	45	57	0.79
SCAF_471	17682	1732	97.95	0	866	52	80	0.65
SCAF_472	17646	2458	139.30	0	1229	142	91	1.56
SCAF_473	17646	1752	99.29	0	876	97	78	1.24
SCAF_474	17642	162	9.18	0	81	0	2	0.00
SCAF_475	17613	318	18.05	0	159	5	6	0.83
SCAF_476	17602	1668	94.76	0	834	53	31	1.71
SCAF_477	17571	1468	83.55	0	734	35	37	0.95
SCAF_478	17535	3352	191.16	0	1676	131	195	0.67
SCAF_479	17528	922	52.60	0	461	12	11	1.09
SCAF_48	69627	11388	163.56	0	5694	719	658	1.09
SCAF_480	17503	3118	178.14	0	1559	109	218	0.50
SCAF_481	17502	2264	129.36	0	1132	76	122	0.62
SCAF_482	17480	1958	112.01	0	979	47	95	0.49
SCAF_483	17476	2032	116.27	0	1016	78	116	0.67
SCAF_484	17457	1274	72.98	0	637	43	49	0.88
SCAF_485	17386	4626	266.08	0	2313	182	314	0.58
SCAF_486	17362	4288	246.98	0	2144	181	331	0.55
SCAF_487	17332	2054	118.51	0	1027	65	136	0.48
SCAF_488	17327	4018	231.89	0	2009	130	295	0.44
SCAF_489	17303	4320	249.67	0	2160	167	323	0.52
SCAF_49	69624	5504	79.05	0	2752	181	85	2.13
SCAF_490	17273	4262	246.74	0	2131	112	309	0.36
SCAF_491	17245	2948	170.95	0	1474	119	73	1.63
SCAF_492	17239	4314	250.25	0	2157	124	409	0.30
SCAF_493	17219	4584	266.22	0	2292	166	332	0.50
SCAF_494	17218	2400	139.39	0	1200	79	130	0.61
SCAF_495	17211	2326	135.15	0	1163	76	110	0.69
SCAF_496	17198	4166	242.24	0	2083	121	298	0.41
SCAF_497	17190	1354	78.77	0	677	28	44	0.64
SCAF_498	17162	1384	80.64	0	692	65	66	0.98
SCAF_499	17147	2572	150.00	0	1286	69	143	0.48
SCAF_5	2032088	0	0.00	0	0	0	0	0
SCAF_50	68258	10872	159.28	0	5436	706	580	1.22
SCAF_500	17144	1992	116.19	0	996	77	83	0.93
SCAF_501	17142	1622	94.62	0	811	36	78	0.46
SCAF_502	17124	2246	131.16	0	1123	131	115	1.14
SCAF_503	17118	28	1.64	0	14	1	0	0
SCAF_504	17076	1214	71.09	0	607	81	57	1.42
SCAF_505	17047	0	0.00	0	0	0	0	0
SCAF_506	17043	1784	104.68	0	892	85	36	2.36
SCAF_507	17035	2636	154.74	0	1318	131	130	1.01
SCAF_508	17021	2118	124.43	0	1059	116	92	1.26
SCAF_509	16971	3380	199.16	0	1690	126	238	0.53
SCAF_51	66966	8562	127.86	0	4281	555	358	1.55
SCAF_510	16897	2294	135.76	0	1147	127	105	1.21
SCAF_511	16849	3382	200.72	0	1691	133	185	0.72
SCAF_512	16807	2924	173.98	0	1462	133	150	0.89
SCAF_513	16787	1398	83.28	0	699	46	54	0.85
SCAF_514	16784	3604	214.73	0	1802	119	265	0.45
SCAF_515	16776	4704	280.40	0	2352	171	328	0.52
SCAF_516	16745	686	40.97	0	343	10	15	0.67
SCAF_517	16741	3220	192.34	0	1610	84	173	0.49
SCAF_518	16733	2192	131.00	0	1096	107	93	1.15
SCAF_519	16710	3114	186.36	0	1557	115	202	0.57
SCAF_52	66855	5904	88.31	0	2952	303	272	1.11
SCAF_520	16702	232	13.89	0	116	0	3	0.00
SCAF_521	16701	2782	166.58	0	1391	99	192	0.52
SCAF_522	16645	1204	72.33	0	602	33	44	0.75
SCAF_523	16623	3120	187.69	0	1560	108	168	0.64
SCAF_524	16568	1282	77.38	0	641	27	30	0.90
SCAF_525	16548	1982	119.77	0	991	77	101	0.76
SCAF_526	16541	3332	201.44	0	1666	84	234	0.36
SCAF_527	16518	64	3.87	0	32	0	2	0.00
SCAF_528	16510	3446	208.72	0	1723	92	227	0.41
SCAF_529	16492	1846	111.93	0	923	116	79	1.47
SCAF_53	65552	5334	81.37	0	2667	253	202	1.25
SCAF_530	16462	938	56.98	0	469	28	37	0.76
SCAF_531	16461	888	53.95	0	444	18	14	1.29
SCAF_532	16447	2070	125.86	0	1035	130	109	1.19
SCAF_533	16383	2084	127.21	0	1042	128	82	1.56
SCAF_534	16345	2386	145.98	0	1193	81	109	0.74
SCAF_535	16343	1304	79.79	0	652	44	53	0.83
SCAF_536	16333	1410	86.33	0	705	35	55	0.64
SCAF_537	16287	1930	118.50	0	965	103	90	1.14
SCAF_538	16266	3308	203.37	0	1654	97	207	0.47
SCAF_539	16246	1186	73.00	0	593	21	22	0.95
SCAF_54	65267	5956	91.26	0	2978	329	235	1.40
SCAF_540	16245	2352	144.78	0	1176	61	124	0.49
SCAF_541	16215	2022	124.70	0	1011	72	74	0.97
SCAF_542	16208	1302	80.33	0	651	37	46	0.80
SCAF_543	16160	2458	152.10	0	1229	63	146	0.43
SCAF_544	16140	1518	94.05	0	759	44	63	0.70
SCAF_545	16102	1942	120.61	0	971	65	95	0.68
SCAF_546	16083	4252	264.38	0	2126	157	307	0.51
SCAF_547	16037	1248	77.82	0	624	45	38	1.18
SCAF_548	16034	1918	119.62	0	959	76	95	0.80
SCAF_549	16030	1360	84.84	0	680	59	74	0.80
SCAF_55	65114	9270	142.37	0	4635	595	387	1.54
SCAF_550	16027	604	37.69	0	302	23	10	2.30
SCAF_551	15990	1660	103.81	0	830	85	72	1.18
SCAF_552	15913	2304	144.79	0	1152	155	130	1.19
SCAF_553	15906	738	46.40	0	369	37	28	1.32
SCAF_554	15898	2934	184.55	0	1467	91	170	0.54
SCAF_555	15891	1668	104.97	0	834	53	89	0.60
SCAF_556	15885	3462	217.94	0	1731	122	252	0.48
SCAF_557	15855	2134	134.59	0	1067	82	122	0.67
SCAF_558	15839	2022	127.66	0	1011	59	108	0.55
SCAF_559	15827	3132	197.89	0	1566	145	251	0.58
SCAF_56	62812	6682	106.38	0	3341	318	275	1.16
SCAF_560	15823	1376	86.96	0	688	92	44	2.09
SCAF_561	15791	4272	270.53	0	2136	159	310	0.51
SCAF_562	15777	132	8.37	0	66	1	0	0
SCAF_563	15776	2060	130.58	0	1030	123	98	1.26
SCAF_564	15761	3650	231.58	0	1825	92	254	0.36
SCAF_565	15717	2162	137.56	0	1081	58	116	0.50
SCAF_566	15706	1128	71.82	0	564	32	40	0.80
SCAF_567	15696	3246	206.80	0	1623	126	177	0.71
SCAF_568	15657	3900	249.09	0	1950	109	242	0.45
SCAF_569	15650	614	39.23	0	307	27	12	2.25
SCAF_57	62187	6862	110.34	0	3431	382	325	1.18
SCAF_570	15646	1158	74.01	0	579	33	40	0.82
SCAF_571	15619	1084	69.40	0	542	18	17	1.06
SCAF_572	15612	1934	123.88	0	967	52	76	0.68
SCAF_573	15605	1892	121.24	0	946	73	94	0.78
SCAF_574	15575	1082	69.47	0	541	41	49	0.84
SCAF_575	15573	1160	74.49	0	580	26	43	0.60
SCAF_576	15571	2812	180.59	0	1406	97	137	0.71
SCAF_577	15544	1868	120.17	0	934	46	81	0.57
SCAF_578	15521	626	40.33	0	313	26	16	1.62
SCAF_579	15497	1094	70.59	0	547	25	14	1.79
SCAF_58	61544	14978	243.37	0	7489	607	1045	0.58
SCAF_580	15481	1888	121.96	0	944	52	113	0.46
SCAF_581	15458	1596	103.25	0	798	94	76	1.24
SCAF_582	15439	1732	112.18	0	866	82	95	0.86
SCAF_583	15421	1118	72.50	0	559	56	26	2.15
SCAF_584	15337	1220	79.55	0	610	26	20	1.30
SCAF_585	15336	1452	94.68	0	726	47	48	0.98
SCAF_586	15301	3168	207.05	0	1584	102	208	0.49
SCAF_587	15300	3554	232.29	0	1777	254	107	2.37
SCAF_588	15298	2086	136.36	0	1043	62	125	0.50
SCAF_589	15238	1696	111.30	0	848	113	72	1.57
SCAF_59	61533	4926	80.05	0	2463	242	178	1.36
SCAF_590	15205	1488	97.86	0	744	57	102	0.56
SCAF_591	15162	1956	129.01	0	978	108	88	1.23
SCAF_592	15154	1612	106.37	0	806	29	71	0.41
SCAF_593	15087	3468	229.87	0	1734	133	235	0.57
SCAF_594	15082	2508	166.29	0	1254	173	107	1.62
SCAF_595	15055	2526	167.78	0	1263	169	138	1.22
SCAF_596	15045	1138	75.64	0	569	24	47	0.51
SCAF_597	15030	3906	259.88	0	1953	112	289	0.39
SCAF_598	15027	1338	89.04	0	669	55	37	1.49
SCAF_599	15000	2082	138.80	0	1041	180	131	1.37
SCAF_6	1976889	0	0.00	0	0	0	0	0
SCAF_60	61411	8674	141.25	0	4337	530	190	2.79
SCAF_600	14995	2266	151.12	0	1133	131	103	1.27
SCAF_601	14985	1560	104.10	0	780	87	85	1.02
SCAF_602	14930	3024	202.55	0	1512	95	212	0.45
SCAF_603	14898	2148	144.18	0	1074	77	138	0.56
SCAF_604	14863	3144	211.53	0	1572	111	198	0.56
SCAF_605	14840	1486	100.13	0	743	47	59	0.80
SCAF_606	14808	1164	78.61	0	582	35	37	0.95
SCAF_607	14807	2674	180.59	0	1337	152	106	1.43
SCAF_608	14785	1812	122.56	0	906	66	92	0.72
SCAF_609	14742	444	30.12	0	222	27	7	3.86
SCAF_61	61115	9352	153.02	0	4676	721	588	1.23
SCAF_610	14738	2342	158.91	0	1171	76	117	0.65
SCAF_611	14737	1852	125.67	0	926	120	95	1.26
SCAF_612	14712	68	4.62	0	34	0	1	0.00
SCAF_613	14708	1526	103.75	0	763	86	64	1.34
SCAF_614	14694	1372	93.37	0	686	76	29	2.62
SCAF_615	14684	1796	122.31	0	898	39	72	0.54
SCAF_616	14676	856	58.33	0	428	17	28	0.61
SCAF_617	14662	1006	68.61	0	503	52	45	1.16
SCAF_618	14658	3858	263.20	0	1929	134	258	0.52
SCAF_619	14650	1500	102.39	0	750	53	26	2.04
SCAF_62	59972	4650	77.54	0	2325	99	67	1.48
SCAF_620	14639	1092	74.60	0	546	49	35	1.40
SCAF_621	14614	2222	152.05	0	1111	81	162	0.50
SCAF_622	14596	1322	90.57	0	661	63	52	1.21
SCAF_623	14590	1394	95.54	0	697	51	58	0.88
SCAF_624	14581	1072	73.52	0	536	16	35	0.46
SCAF_625	14547	1534	105.45	0	767	100	68	1.47
SCAF_626	14527	2088	143.73	0	1044	75	112	0.67
SCAF_627	14523	2098	144.46	0	1049	55	102	0.54
SCAF_628	14498	1070	73.80	0	535	42	40	1.05
SCAF_629	14453	1592	110.15	0	796	59	69	0.86
SCAF_63	59743	10344	173.14	0	5172	352	303	1.16
SCAF_630	14414	1222	84.78	0	611	42	55	0.76
SCAF_631	14395	1554	107.95	0	777	42	73	0.58
SCAF_632	14385	2684	186.58	0	1342	42	173	0.24
SCAF_633	14371	1312	91.29	0	656	30	38	0.79
SCAF_634	14371	2252	156.70	0	1126	83	125	0.66
SCAF_635	14280	1708	119.61	0	854	58	37	1.57
SCAF_636	14276	1728	121.04	0	864	55	87	0.63
SCAF_637	14236	2108	148.08	0	1054	88	94	0.94
SCAF_638	14229	3026	212.66	0	1513	117	228	0.51
SCAF_639	14202	1296	91.25	0	648	35	52	0.67
SCAF_64	58841	3818	64.89	0	1909	122	69	1.77
SCAF_640	14111	1280	90.71	0	640	52	44	1.18
SCAF_641	14088	3542	251.42	0	1771	127	239	0.53
SCAF_642	14005	3026	216.07	0	1513	106	251	0.42
SCAF_643	13977	54	3.86	0	27	0	1	0.00
SCAF_644	13890	1588	114.33	0	794	54	60	0.90
SCAF_645	13875	3086	222.41	0	1543	95	219	0.43
SCAF_646	13874	2060	148.48	0	1030	117	101	1.16
SCAF_647	13848	2306	166.52	0	1153	76	158	0.48
SCAF_648	13847	1626	117.43	0	813	50	41	1.22
SCAF_649	13838	1922	138.89	0	961	84	101	0.83
SCAF_65	58838	6064	103.06	0	3032	342	226	1.51
SCAF_650	13812	1906	138.00	0	953	80	91	0.88
SCAF_651	13758	1490	108.30	0	745	111	86	1.29
SCAF_652	13727	2052	149.49	0	1026	61	92	0.66
SCAF_653	13703	1050	76.63	0	525	36	23	1.57
SCAF_654	13701	1252	91.38	0	626	50	48	1.04
SCAF_655	13677	1416	103.53	0	708	55	55	1.00
SCAF_656	13622	2838	208.34	0	1419	123	174	0.71
SCAF_657	13584	972	71.55	0	486	17	22	0.77
SCAF_658	13583	3182	234.26	0	1591	134	206	0.65
SCAF_659	13535	3884	286.96	0	1942	121	253	0.48
SCAF_66	58483	4056	69.35	0	2028	159	90	1.77
SCAF_660	13535	1056	78.02	0	528	27	34	0.79
SCAF_661	13499	1542	114.23	0	771	53	65	0.82
SCAF_662	13464	888	65.95	0	444	31	24	1.29
SCAF_663	13438	1046	77.84	0	523	53	52	1.02
SCAF_664	13385	54	4.03	0	27	1	2	0.50
SCAF_665	13357	1206	90.29	0	603	28	44	0.64
SCAF_666	13330	2420	181.55	0	1210	80	160	0.50
SCAF_667	13327	1696	127.26	0	848	69	54	1.28
SCAF_668	13319	854	64.12	0	427	27	25	1.08
SCAF_669	13303	1342	100.88	0	671	37	23	1.61
SCAF_67	57162	4650	81.35	0	2325	264	222	1.19
SCAF_670	13293	3746	281.80	0	1873	130	256	0.51
SCAF_671	13288	2218	166.92	0	1109	143	102	1.40
SCAF_672	13266	1742	131.31	0	871	58	109	0.53
SCAF_673	13189	664	50.34	0	332	24	14	1.71
SCAF_674	13149	2136	162.45	0	1068	97	108	0.90
SCAF_675	13128	1928	146.86	0	964	108	93	1.16
SCAF_676	13120	1546	117.84	0	773	84	78	1.08
SCAF_677	13080	1512	115.60	0	756	39	36	1.08
SCAF_678	13050	896	68.66	0	448	21	42	0.50
SCAF_679	13043	1798	137.85	0	899	78	94	0.83
SCAF_68	56404	3848	68.22	0	1924	168	68	2.47
SCAF_680	13008	1734	133.30	0	867	65	80	0.81
SCAF_681	13001	958	73.69	0	479	30	38	0.79
SCAF_682	12997	1758	135.26	0	879	104	81	1.28
SCAF_683	12986	2390	184.04	0	1195	65	164	0.40
SCAF_684	12871	1402	108.93	0	701	43	51	0.84
SCAF_685	12842	1374	106.99	0	687	38	60	0.63
SCAF_686	12830	958	74.67	0	479	26	32	0.81
SCAF_687	12781	2128	166.50	0	1064	58	143	0.41
SCAF_688	12768	1208	94.61	0	604	50	48	1.04
SCAF_689	12768	2532	198.31	0	1266	95	175	0.54
SCAF_69	55942	11388	203.57	0	5694	423	779	0.54
SCAF_690	12764	2108	165.15	0	1054	64	101	0.63
SCAF_691	12677	1260	99.39	0	630	41	47	0.87
SCAF_692	12675	1208	95.31	0	604	39	35	1.11
SCAF_693	12651	1052	83.16	0	526	26	37	0.70
SCAF_694	12646	706	55.83	0	353	13	28	0.46
SCAF_695	12643	1694	133.99	0	847	120	107	1.12
SCAF_696	12633	2034	161.01	0	1017	87	138	0.63
SCAF_697	12625	2828	224.00	0	1414	85	173	0.49
SCAF_698	12617	2710	214.79	0	1355	141	146	0.97
SCAF_699	12540	1158	92.34	0	579	40	49	0.82
SCAF_7	1932263	0	0.00	0	0	0	0	0
SCAF_70	55722	8844	158.72	0	4422	641	515	1.24
SCAF_700	12515	478	38.19	0	239	0	3	0.00
SCAF_701	12482	640	51.27	0	320	13	27	0.48
SCAF_702	12461	1604	128.72	0	802	76	102	0.75
SCAF_703	12456	1510	121.23	0	755	85	65	1.31
SCAF_704	12456	580	46.56	0	290	6	11	0.55
SCAF_705	12358	492	39.81	0	246	14	5	2.80
SCAF_706	12350	2088	169.07	0	1044	134	131	1.02
SCAF_707	12343	1016	82.31	0	508	38	44	0.86
SCAF_708	12333	704	57.08	0	352	10	20	0.50
SCAF_709	12319	72	5.84	0	36	0	3	0.00
SCAF_71	55604	8838	158.95	0	4419	686	524	1.31
SCAF_710	12288	1288	104.82	0	644	27	46	0.59
SCAF_711	12252	2246	183.32	0	1123	172	132	1.30
SCAF_712	12218	1860	152.23	0	930	87	107	0.81
SCAF_713	12177	1996	163.92	0	998	156	103	1.51
SCAF_714	12167	1210	99.45	0	605	41	38	1.08
SCAF_715	12163	482	39.63	0	241	10	19	0.53
SCAF_716	12143	1816	149.55	0	908	59	142	0.42
SCAF_717	12102	620	51.23	0	310	18	22	0.82
SCAF_718	12099	1592	131.58	0	796	59	98	0.60
SCAF_719	12095	1554	128.48	0	777	58	75	0.77
SCAF_72	54709	8536	156.03	0	4268	200	497	0.40
SCAF_720	12085	1556	128.75	0	778	68	83	0.82
SCAF_721	12078	1530	126.68	0	765	66	84	0.79
SCAF_722	12066	828	68.62	0	414	32	26	1.23
SCAF_723	12015	3172	264.00	0	1586	110	226	0.49
SCAF_724	12004	1732	144.29	0	866	68	90	0.76
SCAF_725	11949	1578	132.06	0	789	60	81	0.74
SCAF_726	11911	806	67.67	0	403	19	23	0.83
SCAF_727	11900	972	81.68	0	486	11	15	0.73
SCAF_728	11869	1616	136.15	0	808	76	77	0.99
SCAF_729	11788	2006	170.17	0	1003	120	92	1.30
SCAF_73	52157	6792	130.22	0	3396	148	395	0.37
SCAF_730	11785	2128	180.57	0	1064	112	82	1.37
SCAF_731	11750	2618	222.81	0	1309	78	147	0.53
SCAF_732	11699	1246	106.50	0	623	56	48	1.17
SCAF_733	11674	852	72.98	0	426	13	24	0.54
SCAF_734	11658	1342	115.11	0	671	43	75	0.57
SCAF_735	11648	1540	132.21	0	770	90	67	1.34
SCAF_736	11642	2768	237.76	0	1384	109	217	0.50
SCAF_737	11612	694	59.77	0	347	18	29	0.62
SCAF_738	11595	870	75.03	0	435	13	15	0.87
SCAF_739	11525	2744	238.09	0	1372	91	75	1.21
SCAF_74	52077	8536	163.91	0	4268	554	476	1.16
SCAF_740	11505	2476	215.21	0	1238	80	178	0.45
SCAF_741	11492	2318	201.71	0	1159	65	104	0.62
SCAF_742	11467	14	1.22	0	7	0	0	0
SCAF_743	11404	448	39.28	0	224	8	7	1.14
SCAF_744	11377	2444	214.82	0	1222	111	146	0.76
SCAF_745	11364	1964	172.83	0	982	59	100	0.59
SCAF_746	11318	1652	145.96	0	826	74	84	0.88
SCAF_747	11311	1582	139.86	0	791	70	45	1.56
SCAF_748	11306	1012	89.51	0	506	53	45	1.18
SCAF_749	11299	980	86.73	0	490	44	39	1.13
SCAF_75	51185	5470	106.87	0	2735	270	253	1.07
SCAF_750	11284	830	73.56	0	415	21	23	0.91
SCAF_751	11276	1340	118.84	0	670	46	45	1.02
SCAF_752	11267	760	67.45	0	380	24	25	0.96
SCAF_753	11254	950	84.41	0	475	38	40	0.95
SCAF_754	11236	2228	198.29	0	1114	86	104	0.83
SCAF_755	11231	1384	123.23	0	692	28	69	0.41
SCAF_756	11200	1450	129.46	0	725	68	81	0.84
SCAF_757	11195	1338	119.52	0	669	44	94	0.47
SCAF_758	11126	1322	118.82	0	661	47	52	0.90
SCAF_759	11118	2108	189.60	0	1054	65	131	0.50
SCAF_76	50428	384	7.61	0	192	16	9	1.78
SCAF_760	11100	562	50.63	0	281	24	18	1.33
SCAF_761	11097	1648	148.51	0	824	59	75	0.79
SCAF_762	11029	782	70.90	0	391	37	27	1.37
SCAF_763	11019	762	69.15	0	381	32	27	1.19
SCAF_764	10979	1700	154.84	0	850	91	30	3.03
SCAF_765	10957	502	45.82	0	251	11	6	1.83
SCAF_766	10940	2150	196.53	0	1075	82	127	0.65
SCAF_767	10913	764	70.01	0	382	52	29	1.79
SCAF_768	10886	1084	99.58	0	542	64	58	1.10
SCAF_769	10867	1058	97.36	0	529	28	36	0.78
SCAF_77	50384	838	16.63	0	419	30	30	1.00
SCAF_770	10816	984	90.98	0	492	35	40	0.88
SCAF_771	10810	750	69.38	0	375	12	14	0.86
SCAF_772	10709	1530	142.87	0	765	52	59	0.88
SCAF_773	10688	1990	186.19	0	995	71	108	0.66
SCAF_774	10648	1308	122.84	0	654	75	56	1.34
SCAF_775	10642	700	65.78	0	350	19	14	1.36
SCAF_776	10612	880	82.92	0	440	25	48	0.52
SCAF_777	10608	1540	145.17	0	770	91	84	1.08
SCAF_778	10604	2212	208.60	0	1106	75	127	0.59
SCAF_779	10578	1374	129.89	0	687	47	66	0.71
SCAF_78	49366	8484	171.86	0	4242	521	507	1.03
SCAF_780	10571	978	92.52	0	489	20	25	0.80
SCAF_781	10511	664	63.17	0	332	14	24	0.58
SCAF_782	10492	816	77.77	0	408	14	26	0.54
SCAF_783	10421	2174	208.62	0	1087	58	159	0.36
SCAF_784	10379	1136	109.45	0	568	71	60	1.18
SCAF_785	10337	1556	150.53	0	778	65	101	0.64
SCAF_786	10326	1458	141.20	0	729	49	66	0.74
SCAF_787	10326	870	84.25	0	435	25	25	1.00
SCAF_788	10316	1880	182.24	0	940	67	99	0.68
SCAF_789	10256	230	22.43	0	115	0	1	0.00
SCAF_79	49160	5224	106.27	0	2612	252	204	1.24
SCAF_790	10228	988	96.60	0	494	52	30	1.73
SCAF_791	10185	2118	207.95	0	1059	85	170	0.50
SCAF_792	10184	1534	150.63	0	767	63	88	0.72
SCAF_793	10160	748	73.62	0	374	29	24	1.21
SCAF_794	10147	1108	109.19	0	554	40	71	0.56
SCAF_795	10110	412	40.75	0	206	19	13	1.46
SCAF_796	10045	608	60.53	0	304	12	18	0.67
SCAF_797	10015	702	70.09	0	351	16	12	1.33
SCAF_798	10012	2108	210.55	0	1054	76	151	0.50
SCAF_799	9978	532	53.32	0	266	19	15	1.27
SCAF_8	1669080	0	0.00	0	0	0	0	0
SCAF_80	48966	9042	184.66	0	4521	504	499	1.01
SCAF_800	9947	1120	112.60	0	560	53	31	1.71
SCAF_801	9941	1894	190.52	0	947	58	118	0.49
SCAF_802	9910	708	71.44	0	354	17	29	0.59
SCAF_803	9879	2128	215.41	0	1064	81	111	0.73
SCAF_804	9861	1084	109.93	0	542	73	42	1.74
SCAF_805	9859	912	92.50	0	456	30	21	1.43
SCAF_806	9855	3290	333.84	0	1645	158	217	0.73
SCAF_807	9792	1586	161.97	0	793	44	87	0.51
SCAF_808	9784	2152	219.95	0	1076	63	137	0.46
SCAF_809	9773	630	64.46	0	315	24	7	3.43
SCAF_81	48848	4622	94.62	0	2311	143	203	0.70
SCAF_810	9756	324	33.21	0	162	1	9	0.11
SCAF_811	9753	1288	132.06	0	644	22	33	0.67
SCAF_812	9719	716	73.67	0	358	22	15	1.47
SCAF_813	9715	720	74.11	0	360	26	26	1.00
SCAF_814	9708	1512	155.75	0	756	53	74	0.72
SCAF_815	9700	1290	132.99	0	645	48	62	0.77
SCAF_816	9673	1228	126.95	0	614	50	49	1.02
SCAF_817	9638	1580	163.93	0	790	38	73	0.52
SCAF_818	9601	1604	167.07	0	802	52	82	0.63
SCAF_819	9601	2174	226.43	0	1087	69	99	0.70
SCAF_82	48542	4274	88.05	0	2137	238	181	1.31
SCAF_820	9550	28	2.93	0	14	1	0	0
SCAF_821	9533	1112	116.65	0	556	47	70	0.67
SCAF_822	9498	1930	203.20	0	965	72	97	0.74
SCAF_823	9466	0	0.00	0	0	0	0	0
SCAF_824	9457	530	56.04	0	265	15	16	0.94
SCAF_825	9446	948	100.36	0	474	51	29	1.76
SCAF_826	9385	1066	113.59	0	533	53	54	0.98
SCAF_827	9376	798	85.11	0	399	51	42	1.21
SCAF_828	9365	500	53.39	0	250	16	16	1.00
SCAF_829	9320	848	90.99	0	424	46	37	1.24
SCAF_83	48542	9222	189.98	0	4611	231	631	0.37
SCAF_830	9303	1452	156.08	0	726	40	59	0.68
SCAF_831	9295	554	59.60	0	277	12	14	0.86
SCAF_832	9282	1360	146.52	0	680	48	73	0.66
SCAF_833	9263	606	65.42	0	303	18	27	0.67
SCAF_834	9159	1414	154.38	0	707	51	21	2.43
SCAF_835	9159	2498	272.74	0	1249	84	199	0.42
SCAF_836	9157	1236	134.98	0	618	58	61	0.95
SCAF_837	9095	540	59.37	0	270	7	7	1.00
SCAF_838	9078	1112	122.49	0	556	45	24	1.88
SCAF_839	9057	768	84.80	0	384	34	25	1.36
SCAF_84	47775	6540	136.89	0	3270	286	333	0.86
SCAF_840	9014	938	104.06	0	469	27	29	0.93
SCAF_841	8986	1410	156.91	0	705	81	64	1.27
SCAF_842	8986	366	40.73	0	183	13	11	1.18
SCAF_843	8952	578	64.57	0	289	20	35	0.57
SCAF_844	8935	754	84.39	0	377	29	18	1.61
SCAF_845	8927	1100	123.22	0	550	78	53	1.47
SCAF_846	8908	1258	141.22	0	629	36	33	1.09
SCAF_847	8868	1468	165.54	0	734	73	80	0.91
SCAF_848	8867	1322	149.09	0	661	49	59	0.83
SCAF_849	8825	1302	147.54	0	651	75	59	1.27
SCAF_85	47318	8640	182.59	0	4320	515	514	1.00
SCAF_850	8771	1100	125.41	0	550	36	49	0.73
SCAF_851	8703	2256	259.22	0	1128	85	149	0.57
SCAF_852	8695	312	35.88	0	156	8	6	1.33
SCAF_853	8662	120	13.85	0	60	0	1	0.00
SCAF_854	8634	1024	118.60	0	512	25	38	0.66
SCAF_855	8630	666	77.17	0	333	19	25	0.76
SCAF_856	8617	10	1.16	0	5	0	0	0
SCAF_857	8469	1788	211.12	0	894	80	125	0.64
SCAF_858	8431	502	59.54	0	251	12	3	4.00
SCAF_859	8397	1112	132.43	0	556	34	38	0.89
SCAF_86	46994	7806	166.11	0	3903	501	439	1.14
SCAF_860	8390	316	37.66	0	158	11	11	1.00
SCAF_861	8357	536	64.14	0	268	10	21	0.48
SCAF_862	8342	1908	228.72	0	954	79	68	1.16
SCAF_863	8337	1020	122.35	0	510	31	40	0.78
SCAF_864	8258	680	82.34	0	340	26	28	0.93
SCAF_865	8103	906	111.81	0	453	41	39	1.05
SCAF_866	8034	750	93.35	0	375	41	30	1.37
SCAF_867	8027	1066	132.80	0	533	54	53	1.02
SCAF_868	8017	1096	136.71	0	548	34	53	0.64
SCAF_869	8015	536	66.87	0	268	20	15	1.33
SCAF_87	46805	7820	167.08	0	3910	529	388	1.36
SCAF_870	8015	1422	177.42	0	711	44	104	0.42
SCAF_871	8000	878	109.75	0	439	31	38	0.82
SCAF_872	7790	982	126.06	0	491	36	32	1.12
SCAF_873	7773	770	99.06	0	385	22	30	0.73
SCAF_874	7763	1018	131.13	0	509	66	48	1.38
SCAF_875	7721	384	49.73	0	192	12	7	1.71
SCAF_876	7701	674	87.52	0	337	26	37	0.70
SCAF_877	7680	366	47.66	0	183	8	10	0.80
SCAF_878	7622	1428	187.35	0	714	47	72	0.65
SCAF_879	7582	486	64.10	0	243	23	22	1.05
SCAF_88	46738	11890	254.40	0	5945	437	907	0.48
SCAF_880	7559	794	105.04	0	397	41	39	1.05
SCAF_881	7416	2928	394.82	0	1464	186	79	2.35
SCAF_882	7394	1364	184.47	0	682	48	61	0.79
SCAF_883	7363	882	119.79	0	441	29	31	0.94
SCAF_884	7338	1548	210.96	0	774	53	145	0.37
SCAF_885	7324	378	51.61	0	189	6	12	0.50
SCAF_886	7276	304	41.78	0	152	6	12	0.50
SCAF_887	7242	460	63.52	0	230	20	19	1.05
SCAF_888	7231	622	86.02	0	311	17	17	1.00
SCAF_889	7198	364	50.57	0	182	10	11	0.91
SCAF_89	46547	5738	123.27	0	2869	333	352	0.95
SCAF_890	7142	892	124.89	0	446	25	29	0.86
SCAF_891	7028	774	110.13	0	387	38	38	1.00
SCAF_892	7025	1012	144.06	0	506	40	40	1.00
SCAF_893	7015	1068	152.25	0	534	37	62	0.60
SCAF_894	6958	1182	169.88	0	591	33	89	0.37
SCAF_895	6948	790	113.70	0	395	38	48	0.79
SCAF_896	6829	16	2.34	0	8	0	0	0
SCAF_897	6804	954	140.21	0	477	28	58	0.48
SCAF_898	6754	2190	324.25	0	1095	194	70	2.77
SCAF_899	6732	1300	193.11	0	650	44	92	0.48
SCAF_9	1646134	0	0.00	0	0	0	0	0
SCAF_90	46221	5604	121.24	0	2802	218	271	0.80
SCAF_900	6698	482	71.96	0	241	25	18	1.39
SCAF_901	6642	994	149.65	0	497	27	63	0.43
SCAF_902	6588	806	122.34	0	403	38	37	1.03
SCAF_903	6549	936	142.92	0	468	47	37	1.27
SCAF_904	6496	1158	178.26	0	579	44	56	0.79
SCAF_905	6483	478	73.73	0	239	13	14	0.93
SCAF_906	6367	572	89.84	0	286	15	15	1.00
SCAF_907	6367	600	94.24	0	300	37	29	1.28
SCAF_908	6228	134	21.52	0	67	6	8	0.75
SCAF_909	6173	590	95.58	0	295	38	18	2.11
SCAF_91	44916	7190	160.08	0	3595	467	445	1.05
SCAF_910	6170	344	55.75	0	172	21	17	1.24
SCAF_911	6077	0	0.00	0	0	0	0	0
SCAF_912	6073	0	0.00	0	0	0	0	0
SCAF_913	6059	0	0.00	0	0	0	0	0
SCAF_914	6001	0	0.00	0	0	0	0	0
SCAF_915	5869	0	0.00	0	0	0	0	0
SCAF_916	5803	0	0.00	0	0	0	0	0
SCAF_917	5661	0	0.00	0	0	0	0	0
SCAF_918	5277	0	0.00	0	0	0	0	0
SCAF_92	44616	152	3.41	0	76	1	2	0.50
SCAF_93	44136	3272	74.13	0	1636	116	145	0.80
SCAF_94	43913	5386	122.65	0	2693	257	230	1.12
SCAF_95	43808	7336	167.46	0	3668	286	403	0.71
SCAF_96	43342	4582	105.72	0	2291	198	209	0.95
SCAF_97	43038	508	11.80	0	254	3	6	0.50
SCAF_98	42896	4050	94.41	0	2025	168	190	0.88
SCAF_99	42178	4536	107.54	0	2268	273	256	1.07
Totals	51514314	3425614	66.50	0	1712807	162726	166422	0.98
