Chromosome	Length	Total Variants	VarPerKb	SNP	INDEL	Ts	Tv	Ts/Tv
SCAF_1	5574741	0	0.00	0	0	0	0	0
SCAF_10	1570817	0	0.00	0	0	0	0	0
SCAF_100	41993	1798	42.82	899	0	565	334	1.69
SCAF_101	41585	1428	34.34	714	0	460	254	1.81
SCAF_102	41267	0	0.00	0	0	0	0	0
SCAF_103	41164	1822	44.26	911	0	525	386	1.36
SCAF_104	40984	1648	40.21	824	0	372	452	0.82
SCAF_105	40971	812	19.82	406	0	318	88	3.61
SCAF_106	40689	1330	32.69	665	0	465	200	2.33
SCAF_107	40038	1056	26.37	528	0	398	130	3.06
SCAF_108	39998	1152	28.80	576	0	410	166	2.47
SCAF_109	39904	1662	41.65	831	0	577	254	2.27
SCAF_11	1437752	45632	31.74	22816	0	16617	6199	2.68
SCAF_110	39605	1224	30.91	612	0	482	130	3.71
SCAF_111	39279	1524	38.80	762	0	437	325	1.34
SCAF_112	39164	30	0.77	15	0	12	3	4.00
SCAF_113	39049	1506	38.57	753	0	357	396	0.90
SCAF_114	38983	1436	36.84	718	0	488	230	2.12
SCAF_115	38824	1094	28.18	547	0	444	103	4.31
SCAF_116	37823	1018	26.91	509	0	375	134	2.80
SCAF_117	37728	2	0.05	1	0	1	0	0
SCAF_118	37705	1114	29.55	557	0	380	177	2.15
SCAF_119	37514	1060	28.26	530	0	379	151	2.51
SCAF_12	978195	32270	32.99	16135	0	11657	4478	2.60
SCAF_120	37456	30	0.80	15	0	7	8	0.88
SCAF_121	37441	6	0.16	3	0	0	3	0.00
SCAF_122	37347	1080	28.92	540	0	425	115	3.70
SCAF_123	37222	1826	49.06	913	0	278	635	0.44
SCAF_124	36961	852	23.05	426	0	306	120	2.55
SCAF_125	36710	1670	45.49	835	0	377	458	0.82
SCAF_126	36614	1370	37.42	685	0	410	275	1.49
SCAF_127	36584	1010	27.61	505	0	360	145	2.48
SCAF_128	36068	1390	38.54	695	0	479	216	2.22
SCAF_129	35972	1102	30.63	551	0	413	138	2.99
SCAF_13	598471	23022	38.47	11511	0	7936	3575	2.22
SCAF_130	35925	1118	31.12	559	0	400	159	2.52
SCAF_131	35704	1346	37.70	673	0	388	285	1.36
SCAF_132	35264	1332	37.77	666	0	474	192	2.47
SCAF_133	35121	28	0.80	14	0	9	5	1.80
SCAF_134	35117	1040	29.62	520	0	369	151	2.44
SCAF_135	34903	1744	49.97	872	0	312	560	0.56
SCAF_136	34900	36	1.03	18	0	8	10	0.80
SCAF_137	34765	1544	44.41	772	0	348	424	0.82
SCAF_138	34687	1652	47.63	826	0	521	305	1.71
SCAF_139	34615	1060	30.62	530	0	371	159	2.33
SCAF_14	247525	606	2.45	303	0	145	158	0.92
SCAF_140	34599	8	0.23	4	0	1	3	0.33
SCAF_141	34497	854	24.76	427	0	271	156	1.74
SCAF_142	34440	0	0.00	0	0	0	0	0
SCAF_143	34384	1546	44.96	773	0	264	509	0.52
SCAF_144	34330	1494	43.52	747	0	337	410	0.82
SCAF_145	34087	1218	35.73	609	0	442	167	2.65
SCAF_146	33692	894	26.53	447	0	305	142	2.15
SCAF_147	33483	4	0.12	2	0	2	0	0
SCAF_148	33469	978	29.22	489	0	341	148	2.30
SCAF_149	33420	0	0.00	0	0	0	0	0
SCAF_15	224905	5948	26.45	2974	0	2136	838	2.55
SCAF_150	33347	1316	39.46	658	0	479	179	2.68
SCAF_151	33283	1344	40.38	672	0	415	257	1.61
SCAF_152	33266	1512	45.45	756	0	242	514	0.47
SCAF_153	33237	1616	48.62	808	0	446	362	1.23
SCAF_154	33139	1380	41.64	690	0	483	207	2.33
SCAF_155	33127	0	0.00	0	0	0	0	0
SCAF_156	32748	1626	49.65	813	0	489	324	1.51
SCAF_157	32666	1028	31.47	514	0	288	226	1.27
SCAF_158	32618	1458	44.70	729	0	388	341	1.14
SCAF_159	32358	1316	40.67	658	0	377	281	1.34
SCAF_16	181804	5150	28.33	2575	0	1113	1462	0.76
SCAF_160	32136	1408	43.81	704	0	313	391	0.80
SCAF_161	32035	1174	36.65	587	0	275	312	0.88
SCAF_162	31954	1064	33.30	532	0	394	138	2.86
SCAF_163	31782	1218	38.32	609	0	323	286	1.13
SCAF_164	31669	1576	49.76	788	0	259	529	0.49
SCAF_165	31629	1236	39.08	618	0	454	164	2.77
SCAF_166	31581	1222	38.69	611	0	380	231	1.65
SCAF_167	31556	1354	42.91	677	0	419	258	1.62
SCAF_168	31421	1284	40.86	642	0	287	355	0.81
SCAF_169	31314	1438	45.92	719	0	172	547	0.31
SCAF_17	176395	7056	40.00	3528	0	2556	972	2.63
SCAF_170	31127	1426	45.81	713	0	448	265	1.69
SCAF_171	31061	4	0.13	2	0	1	1	1.00
SCAF_172	31059	1042	33.55	521	0	295	226	1.31
SCAF_173	30866	1230	39.85	615	0	379	236	1.61
SCAF_174	30739	20	0.65	10	0	4	6	0.67
SCAF_175	30330	1140	37.59	570	0	444	126	3.52
SCAF_176	30301	376	12.41	188	0	123	65	1.89
SCAF_177	30226	764	25.28	382	0	282	100	2.82
SCAF_178	30187	1022	33.86	511	0	357	154	2.32
SCAF_179	30183	1156	38.30	578	0	270	308	0.88
SCAF_18	160122	5206	32.51	2603	0	1907	696	2.74
SCAF_180	30131	1266	42.02	633	0	467	166	2.81
SCAF_181	30071	1150	38.24	575	0	405	170	2.38
SCAF_182	30032	1288	42.89	644	0	428	216	1.98
SCAF_183	30005	378	12.60	189	0	125	64	1.95
SCAF_184	29541	1242	42.04	621	0	422	199	2.12
SCAF_185	29415	1232	41.88	616	0	434	182	2.38
SCAF_186	29375	1232	41.94	616	0	301	315	0.96
SCAF_187	29360	644	21.93	322	0	214	108	1.98
SCAF_188	29327	828	28.23	414	0	297	117	2.54
SCAF_189	29236	1032	35.30	516	0	372	144	2.58
SCAF_19	139354	2966	21.28	1483	0	1209	274	4.41
SCAF_190	29216	1206	41.28	603	0	396	207	1.91
SCAF_191	29200	1382	47.33	691	0	427	264	1.62
SCAF_192	29083	46	1.58	23	0	17	6	2.83
SCAF_193	29081	1192	40.99	596	0	418	178	2.35
SCAF_194	28863	68	2.36	34	0	27	7	3.86
SCAF_195	28688	1288	44.90	644	0	418	226	1.85
SCAF_196	28688	1334	46.50	667	0	378	289	1.31
SCAF_197	28670	814	28.39	407	0	293	114	2.57
SCAF_198	28585	480	16.79	240	0	167	73	2.29
SCAF_199	28585	946	33.09	473	0	350	123	2.85
SCAF_2	4079479	0	0.00	0	0	0	0	0
SCAF_20	131876	3642	27.62	1821	0	1347	474	2.84
SCAF_200	28563	1184	41.45	592	0	278	314	0.89
SCAF_201	28551	1322	46.30	661	0	407	254	1.60
SCAF_202	28219	892	31.61	446	0	197	249	0.79
SCAF_203	28217	818	28.99	409	0	327	82	3.99
SCAF_204	28187	1536	54.49	768	0	478	290	1.65
SCAF_205	28138	1426	50.68	713	0	205	508	0.40
SCAF_206	28111	752	26.75	376	0	187	189	0.99
SCAF_207	27959	1140	40.77	570	0	397	173	2.29
SCAF_208	27935	6	0.21	3	0	0	3	0.00
SCAF_209	27830	1072	38.52	536	0	255	281	0.91
SCAF_21	130124	3500	26.90	1750	0	1257	493	2.55
SCAF_210	27781	1342	48.31	671	0	262	409	0.64
SCAF_211	27774	976	35.14	488	0	349	139	2.51
SCAF_212	27772	714	25.71	357	0	236	121	1.95
SCAF_213	27728	796	28.71	398	0	298	100	2.98
SCAF_214	27690	1056	38.14	528	0	234	294	0.80
SCAF_215	27659	0	0.00	0	0	0	0	0
SCAF_216	27637	668	24.17	334	0	247	87	2.84
SCAF_217	27634	1090	39.44	545	0	376	169	2.22
SCAF_218	27594	776	28.12	388	0	277	111	2.50
SCAF_219	27563	1158	42.01	579	0	322	257	1.25
SCAF_22	121580	4078	33.54	2039	0	1433	606	2.36
SCAF_220	27545	888	32.24	444	0	299	145	2.06
SCAF_221	27530	1204	43.73	602	0	299	303	0.99
SCAF_222	27515	944	34.31	472	0	330	142	2.32
SCAF_223	27476	1242	45.20	621	0	367	254	1.44
SCAF_224	27450	1202	43.79	601	0	338	263	1.29
SCAF_225	27344	1300	47.54	650	0	464	186	2.49
SCAF_226	27270	502	18.41	251	0	171	80	2.14
SCAF_227	27232	1144	42.01	572	0	343	229	1.50
SCAF_228	27189	1156	42.52	578	0	332	246	1.35
SCAF_229	27037	866	32.03	433	0	304	129	2.36
SCAF_23	117381	3566	30.38	1783	0	1246	537	2.32
SCAF_230	26948	972	36.07	486	0	380	106	3.58
SCAF_231	26899	888	33.01	444	0	196	248	0.79
SCAF_232	26856	1020	37.98	510	0	245	265	0.92
SCAF_233	26767	1186	44.31	593	0	426	167	2.55
SCAF_234	26700	0	0.00	0	0	0	0	0
SCAF_235	26660	4	0.15	2	0	1	1	1.00
SCAF_236	26499	1236	46.64	618	0	149	469	0.32
SCAF_237	26482	286	10.80	143	0	93	50	1.86
SCAF_238	26369	1156	43.84	578	0	319	259	1.23
SCAF_239	26171	1030	39.36	515	0	220	295	0.75
SCAF_24	115879	4694	40.51	2347	0	1688	659	2.56
SCAF_240	26148	1234	47.19	617	0	391	226	1.73
SCAF_241	26131	1106	42.33	553	0	372	181	2.06
SCAF_242	26114	1084	41.51	542	0	140	402	0.35
SCAF_243	26085	1014	38.87	507	0	274	233	1.18
SCAF_244	26060	1414	54.26	707	0	437	270	1.62
SCAF_245	25968	934	35.97	467	0	234	233	1.00
SCAF_246	25946	4	0.15	2	0	1	1	1.00
SCAF_247	25940	950	36.62	475	0	331	144	2.30
SCAF_248	25895	822	31.74	411	0	253	158	1.60
SCAF_249	25885	1130	43.65	565	0	236	329	0.72
SCAF_25	115495	4506	39.01	2253	0	1525	728	2.09
SCAF_250	25884	604	23.33	302	0	218	84	2.60
SCAF_251	25874	1220	47.15	610	0	427	183	2.33
SCAF_252	25864	960	37.12	480	0	298	182	1.64
SCAF_253	25825	982	38.03	491	0	252	239	1.05
SCAF_254	25798	1204	46.67	602	0	384	218	1.76
SCAF_255	25728	1482	57.60	741	0	525	216	2.43
SCAF_256	25725	1040	40.43	520	0	313	207	1.51
SCAF_257	25720	296	11.51	148	0	101	47	2.15
SCAF_258	25700	1096	42.65	548	0	351	197	1.78
SCAF_259	25645	976	38.06	488	0	336	152	2.21
SCAF_26	113072	2796	24.73	1398	0	1020	378	2.70
SCAF_260	25595	998	38.99	499	0	352	147	2.39
SCAF_261	25593	940	36.73	470	0	198	272	0.73
SCAF_262	25592	932	36.42	466	0	263	203	1.30
SCAF_263	25481	678	26.61	339	0	239	100	2.39
SCAF_264	25444	988	38.83	494	0	348	146	2.38
SCAF_265	25436	1240	48.75	620	0	248	372	0.67
SCAF_266	25377	774	30.50	387	0	299	88	3.40
SCAF_267	25340	870	34.33	435	0	318	117	2.72
SCAF_268	25329	1330	52.51	665	0	374	291	1.29
SCAF_269	25264	1268	50.19	634	0	396	238	1.66
SCAF_27	110609	2262	20.45	1131	0	893	238	3.75
SCAF_270	25225	1196	47.41	598	0	234	364	0.64
SCAF_271	25206	1112	44.12	556	0	315	241	1.31
SCAF_272	25161	696	27.66	348	0	234	114	2.05
SCAF_273	25090	1090	43.44	545	0	353	192	1.84
SCAF_274	24834	1258	50.66	629	0	311	318	0.98
SCAF_275	24832	738	29.72	369	0	264	105	2.51
SCAF_276	24811	716	28.86	358	0	271	87	3.11
SCAF_277	24713	520	21.04	260	0	186	74	2.51
SCAF_278	24673	1258	50.99	629	0	198	431	0.46
SCAF_279	24542	912	37.16	456	0	224	232	0.97
SCAF_28	109542	3158	28.83	1579	0	1230	349	3.52
SCAF_280	24528	1114	45.42	557	0	365	192	1.90
SCAF_281	24435	802	32.82	401	0	245	156	1.57
SCAF_282	24359	1120	45.98	560	0	331	229	1.45
SCAF_283	24173	788	32.60	394	0	300	94	3.19
SCAF_284	24152	4	0.17	2	0	0	2	0.00
SCAF_285	24110	952	39.49	476	0	289	187	1.55
SCAF_286	24066	662	27.51	331	0	213	118	1.81
SCAF_287	23981	746	31.11	373	0	235	138	1.70
SCAF_288	23980	1100	45.87	550	0	290	260	1.12
SCAF_289	23950	1098	45.85	549	0	366	183	2.00
SCAF_29	108319	3052	28.18	1526	0	1107	419	2.64
SCAF_290	23945	996	41.60	498	0	329	169	1.95
SCAF_291	23886	830	34.75	415	0	237	178	1.33
SCAF_292	23860	476	19.95	238	0	149	89	1.67
SCAF_293	23814	822	34.52	411	0	186	225	0.83
SCAF_294	23796	1026	43.12	513	0	145	368	0.39
SCAF_295	23767	902	37.95	451	0	209	242	0.86
SCAF_296	23762	1146	48.23	573	0	323	250	1.29
SCAF_297	23695	676	28.53	338	0	261	77	3.39
SCAF_298	23666	898	37.94	449	0	256	193	1.33
SCAF_299	23648	928	39.24	464	0	351	113	3.11
SCAF_3	3666439	0	0.00	0	0	0	0	0
SCAF_30	107902	5676	52.60	2838	0	1928	910	2.12
SCAF_300	23643	0	0.00	0	0	0	0	0
SCAF_301	23638	1174	49.67	587	0	443	144	3.08
SCAF_302	23633	1060	44.85	530	0	130	400	0.33
SCAF_303	23629	898	38.00	449	0	199	250	0.80
SCAF_304	23571	724	30.72	362	0	260	102	2.55
SCAF_305	23555	622	26.41	311	0	232	79	2.94
SCAF_306	23322	458	19.64	229	0	154	75	2.05
SCAF_307	23295	1064	45.68	532	0	165	367	0.45
SCAF_308	23075	0	0.00	0	0	0	0	0
SCAF_309	23057	944	40.94	472	0	217	255	0.85
SCAF_31	106626	3258	30.56	1629	0	1225	404	3.03
SCAF_310	23011	936	40.68	468	0	212	256	0.83
SCAF_311	22999	706	30.70	353	0	214	139	1.54
SCAF_312	22896	962	42.02	481	0	185	296	0.62
SCAF_313	22877	1134	49.57	567	0	425	142	2.99
SCAF_314	22871	12	0.52	6	0	3	3	1.00
SCAF_315	22844	1024	44.83	512	0	350	162	2.16
SCAF_316	22844	1076	47.10	538	0	346	192	1.80
SCAF_317	22833	1312	57.46	656	0	382	274	1.39
SCAF_318	22713	922	40.59	461	0	271	190	1.43
SCAF_319	22685	928	40.91	464	0	300	164	1.83
SCAF_32	102192	3272	32.02	1636	0	1193	443	2.69
SCAF_320	22653	1098	48.47	549	0	317	232	1.37
SCAF_321	22554	1086	48.15	543	0	283	260	1.09
SCAF_322	22539	910	40.37	455	0	206	249	0.83
SCAF_323	22525	682	30.28	341	0	259	82	3.16
SCAF_324	22489	604	26.86	302	0	239	63	3.79
SCAF_325	22468	616	27.42	308	0	216	92	2.35
SCAF_326	22392	0	0.00	0	0	0	0	0
SCAF_327	22337	702	31.43	351	0	219	132	1.66
SCAF_328	22280	0	0.00	0	0	0	0	0
SCAF_329	22245	966	43.43	483	0	316	167	1.89
SCAF_33	98221	3274	33.33	1637	0	1147	490	2.34
SCAF_330	22040	864	39.20	432	0	270	162	1.67
SCAF_331	22029	800	36.32	400	0	232	168	1.38
SCAF_332	21923	956	43.61	478	0	234	244	0.96
SCAF_333	21867	874	39.97	437	0	344	93	3.70
SCAF_334	21813	910	41.72	455	0	247	208	1.19
SCAF_335	21800	708	32.48	354	0	261	93	2.81
SCAF_336	21691	1008	46.47	504	0	327	177	1.85
SCAF_337	21675	832	38.39	416	0	228	188	1.21
SCAF_338	21621	1092	50.51	546	0	332	214	1.55
SCAF_339	21529	1046	48.59	523	0	297	226	1.31
SCAF_34	97882	2958	30.22	1479	0	1090	389	2.80
SCAF_340	21472	970	45.18	485	0	341	144	2.37
SCAF_341	21449	808	37.67	404	0	184	220	0.84
SCAF_342	21444	616	28.73	308	0	232	76	3.05
SCAF_343	21365	920	43.06	460	0	233	227	1.03
SCAF_344	21355	314	14.70	157	0	123	34	3.62
SCAF_345	21334	956	44.81	478	0	216	262	0.82
SCAF_346	21294	0	0.00	0	0	0	0	0
SCAF_347	21288	878	41.24	439	0	253	186	1.36
SCAF_348	21209	294	13.86	147	0	115	32	3.59
SCAF_349	21199	886	41.79	443	0	278	165	1.68
SCAF_35	95705	4692	49.03	2346	0	1323	1023	1.29
SCAF_350	21189	796	37.57	398	0	226	172	1.31
SCAF_351	21106	612	29.00	306	0	215	91	2.36
SCAF_352	21098	416	19.72	208	0	143	65	2.20
SCAF_353	21078	604	28.66	302	0	219	83	2.64
SCAF_354	20991	1042	49.64	521	0	340	181	1.88
SCAF_355	20981	904	43.09	452	0	309	143	2.16
SCAF_356	20980	836	39.85	418	0	175	243	0.72
SCAF_357	20976	836	39.86	418	0	277	141	1.96
SCAF_358	20871	710	34.02	355	0	231	124	1.86
SCAF_359	20831	940	45.13	470	0	302	168	1.80
SCAF_36	94431	1890	20.01	945	0	719	226	3.18
SCAF_360	20777	972	46.78	486	0	307	179	1.72
SCAF_361	20737	906	43.69	453	0	285	168	1.70
SCAF_362	20702	898	43.38	449	0	280	169	1.66
SCAF_363	20586	64	3.11	32	0	22	10	2.20
SCAF_364	20574	808	39.27	404	0	320	84	3.81
SCAF_365	20553	392	19.07	196	0	132	64	2.06
SCAF_366	20522	916	44.64	458	0	335	123	2.72
SCAF_367	20517	742	36.17	371	0	262	109	2.40
SCAF_368	20452	290	14.18	145	0	102	43	2.37
SCAF_369	20438	676	33.08	338	0	254	84	3.02
SCAF_37	92851	3064	33.00	1532	0	1159	373	3.11
SCAF_370	20350	1052	51.70	526	0	318	208	1.53
SCAF_371	20349	1064	52.29	532	0	304	228	1.33
SCAF_372	20285	776	38.25	388	0	325	63	5.16
SCAF_373	20282	960	47.33	480	0	351	129	2.72
SCAF_374	20282	2	0.10	1	0	0	1	0.00
SCAF_375	20179	720	35.68	360	0	216	144	1.50
SCAF_376	20174	794	39.36	397	0	185	212	0.87
SCAF_377	20160	800	39.68	400	0	182	218	0.83
SCAF_378	20157	0	0.00	0	0	0	0	0
SCAF_379	20150	226	11.22	113	0	78	35	2.23
SCAF_38	89142	2406	26.99	1203	0	843	360	2.34
SCAF_380	20140	996	49.45	498	0	299	199	1.50
SCAF_381	20082	818	40.73	409	0	211	198	1.07
SCAF_382	20068	924	46.04	462	0	307	155	1.98
SCAF_383	20052	836	41.69	418	0	290	128	2.27
SCAF_384	20039	382	19.06	191	0	127	64	1.98
SCAF_385	20036	730	36.43	365	0	279	86	3.24
SCAF_386	20004	808	40.39	404	0	182	222	0.82
SCAF_387	19967	822	41.17	411	0	186	225	0.83
SCAF_388	19953	680	34.08	340	0	240	100	2.40
SCAF_389	19874	744	37.44	372	0	252	120	2.10
SCAF_39	88257	3830	43.40	1915	0	1233	682	1.81
SCAF_390	19870	6	0.30	3	0	1	2	0.50
SCAF_391	19819	1042	52.58	521	0	283	238	1.19
SCAF_392	19814	660	33.31	330	0	191	139	1.37
SCAF_393	19805	204	10.30	102	0	77	25	3.08
SCAF_394	19796	798	40.31	399	0	167	232	0.72
SCAF_395	19788	34	1.72	17	0	8	9	0.89
SCAF_396	19769	828	41.88	414	0	186	228	0.82
SCAF_397	19737	640	32.43	320	0	244	76	3.21
SCAF_398	19694	910	46.21	455	0	248	207	1.20
SCAF_399	19627	676	34.44	338	0	149	189	0.79
SCAF_4	2601389	0	0.00	0	0	0	0	0
SCAF_40	85354	2724	31.91	1362	0	991	371	2.67
SCAF_400	19559	720	36.81	360	0	223	137	1.63
SCAF_401	19529	926	47.42	463	0	302	161	1.88
SCAF_402	19485	894	45.88	447	0	294	153	1.92
SCAF_403	19440	634	32.61	317	0	234	83	2.82
SCAF_404	19429	756	38.91	378	0	260	118	2.20
SCAF_405	19412	612	31.53	306	0	206	100	2.06
SCAF_406	19412	808	41.62	404	0	236	168	1.40
SCAF_407	19392	818	42.18	409	0	240	169	1.42
SCAF_408	19383	672	34.67	336	0	214	122	1.75
SCAF_409	19350	862	44.55	431	0	301	130	2.32
SCAF_41	82239	2186	26.58	1093	0	832	261	3.19
SCAF_410	19334	756	39.10	378	0	188	190	0.99
SCAF_411	19319	350	18.12	175	0	104	71	1.46
SCAF_412	19298	558	28.91	279	0	221	58	3.81
SCAF_413	19281	604	31.33	302	0	208	94	2.21
SCAF_414	19250	698	36.26	349	0	262	87	3.01
SCAF_415	19240	870	45.22	435	0	291	144	2.02
SCAF_416	19198	694	36.15	347	0	240	107	2.24
SCAF_417	19156	1030	53.77	515	0	301	214	1.41
SCAF_418	19069	0	0.00	0	0	0	0	0
SCAF_419	19061	228	11.96	114	0	74	40	1.85
SCAF_42	77162	1936	25.09	968	0	706	262	2.69
SCAF_420	19040	928	48.74	464	0	261	203	1.29
SCAF_421	19012	800	42.08	400	0	194	206	0.94
SCAF_422	18950	132	6.97	66	0	50	16	3.12
SCAF_423	18945	920	48.56	460	0	172	288	0.60
SCAF_424	18943	758	40.01	379	0	250	129	1.94
SCAF_425	18932	880	46.48	440	0	280	160	1.75
SCAF_426	18882	744	39.40	372	0	220	152	1.45
SCAF_427	18874	614	32.53	307	0	224	83	2.70
SCAF_428	18866	510	27.03	255	0	196	59	3.32
SCAF_429	18866	692	36.68	346	0	241	105	2.30
SCAF_43	76714	2276	29.67	1138	0	831	307	2.71
SCAF_430	18815	1016	54.00	508	0	222	286	0.78
SCAF_431	18805	574	30.52	287	0	189	98	1.93
SCAF_432	18790	674	35.87	337	0	252	85	2.96
SCAF_433	18773	832	44.32	416	0	274	142	1.93
SCAF_434	18766	576	30.69	288	0	210	78	2.69
SCAF_435	18753	282	15.04	141	0	105	36	2.92
SCAF_436	18746	70	3.73	35	0	30	5	6.00
SCAF_437	18721	898	47.97	449	0	141	308	0.46
SCAF_438	18669	794	42.53	397	0	253	144	1.76
SCAF_439	18588	458	24.64	229	0	169	60	2.82
SCAF_44	76272	2940	38.55	1470	0	1061	409	2.59
SCAF_440	18561	902	48.60	451	0	266	185	1.44
SCAF_441	18530	676	36.48	338	0	246	92	2.67
SCAF_442	18489	910	49.22	455	0	313	142	2.20
SCAF_443	18479	634	34.31	317	0	198	119	1.66
SCAF_444	18424	296	16.07	148	0	109	39	2.79
SCAF_445	18396	762	41.42	381	0	174	207	0.84
SCAF_446	18392	192	10.44	96	0	64	32	2.00
SCAF_447	18255	780	42.73	390	0	214	176	1.22
SCAF_448	18252	684	37.48	342	0	234	108	2.17
SCAF_449	18248	730	40.00	365	0	169	196	0.86
SCAF_45	73110	3348	45.79	1674	0	458	1216	0.38
SCAF_450	18208	726	39.87	363	0	236	127	1.86
SCAF_451	18202	540	29.67	270	0	190	80	2.38
SCAF_452	18192	726	39.91	363	0	222	141	1.57
SCAF_453	18150	598	32.95	299	0	206	93	2.22
SCAF_454	18134	868	47.87	434	0	251	183	1.37
SCAF_455	18114	810	44.72	405	0	259	146	1.77
SCAF_456	18112	730	40.30	365	0	255	110	2.32
SCAF_457	18054	700	38.77	350	0	268	82	3.27
SCAF_458	18006	720	39.99	360	0	169	191	0.88
SCAF_459	18000	792	44.00	396	0	209	187	1.12
SCAF_46	72118	2452	34.00	1226	0	925	301	3.07
SCAF_460	17967	594	33.06	297	0	215	82	2.62
SCAF_461	17943	704	39.24	352	0	206	146	1.41
SCAF_462	17929	728	40.60	364	0	256	108	2.37
SCAF_463	17921	458	25.56	229	0	120	109	1.10
SCAF_464	17913	748	41.76	374	0	190	184	1.03
SCAF_465	17912	636	35.51	318	0	178	140	1.27
SCAF_466	17886	372	20.80	186	0	114	72	1.58
SCAF_467	17859	340	19.04	170	0	129	41	3.15
SCAF_468	17837	502	28.14	251	0	179	72	2.49
SCAF_469	17802	658	36.96	329	0	192	137	1.40
SCAF_47	70166	2194	31.27	1097	0	787	310	2.54
SCAF_470	17776	516	29.03	258	0	187	71	2.63
SCAF_471	17682	812	45.92	406	0	234	172	1.36
SCAF_472	17646	482	27.31	241	0	179	62	2.89
SCAF_473	17646	322	18.25	161	0	119	42	2.83
SCAF_474	17642	10	0.57	5	0	1	4	0.25
SCAF_475	17613	14	0.79	7	0	2	5	0.40
SCAF_476	17602	812	46.13	406	0	246	160	1.54
SCAF_477	17571	656	37.33	328	0	197	131	1.50
SCAF_478	17535	750	42.77	375	0	191	184	1.04
SCAF_479	17528	518	29.55	259	0	142	117	1.21
SCAF_48	69627	2472	35.50	1236	0	885	351	2.52
SCAF_480	17503	732	41.82	366	0	194	172	1.13
SCAF_481	17502	784	44.79	392	0	252	140	1.80
SCAF_482	17480	910	52.06	455	0	272	183	1.49
SCAF_483	17476	822	47.04	411	0	267	144	1.85
SCAF_484	17457	420	24.06	210	0	143	67	2.13
SCAF_485	17386	690	39.69	345	0	159	186	0.85
SCAF_486	17362	806	46.42	403	0	230	173	1.33
SCAF_487	17332	672	38.77	336	0	162	174	0.93
SCAF_488	17327	764	44.09	382	0	198	184	1.08
SCAF_489	17303	568	32.83	284	0	131	153	0.86
SCAF_49	69624	2252	32.35	1126	0	755	371	2.04
SCAF_490	17273	782	45.27	391	0	118	273	0.43
SCAF_491	17245	928	53.81	464	0	299	165	1.81
SCAF_492	17239	740	42.93	370	0	105	265	0.40
SCAF_493	17219	578	33.57	289	0	126	163	0.77
SCAF_494	17218	604	35.08	302	0	163	139	1.17
SCAF_495	17211	936	54.38	468	0	312	156	2.00
SCAF_496	17198	914	53.15	457	0	154	303	0.51
SCAF_497	17190	726	42.23	363	0	205	158	1.30
SCAF_498	17162	454	26.45	227	0	158	69	2.29
SCAF_499	17147	730	42.57	365	0	185	180	1.03
SCAF_5	2032088	0	0.00	0	0	0	0	0
SCAF_50	68258	2384	34.93	1192	0	835	357	2.34
SCAF_500	17144	742	43.28	371	0	207	164	1.26
SCAF_501	17142	558	32.55	279	0	165	114	1.45
SCAF_502	17124	426	24.88	213	0	160	53	3.02
SCAF_503	17118	2	0.12	1	0	0	1	0.00
SCAF_504	17076	228	13.35	114	0	97	17	5.71
SCAF_505	17047	26	1.53	13	0	3	10	0.30
SCAF_506	17043	306	17.95	153	0	117	36	3.25
SCAF_507	17035	532	31.23	266	0	186	80	2.33
SCAF_508	17021	540	31.73	270	0	200	70	2.86
SCAF_509	16971	678	39.95	339	0	159	180	0.88
SCAF_51	66966	1514	22.61	757	0	573	184	3.11
SCAF_510	16897	562	33.26	281	0	196	85	2.31
SCAF_511	16849	770	45.70	385	0	232	153	1.52
SCAF_512	16807	696	41.41	348	0	208	140	1.49
SCAF_513	16787	638	38.01	319	0	184	135	1.36
SCAF_514	16784	774	46.12	387	0	176	211	0.83
SCAF_515	16776	676	40.30	338	0	185	153	1.21
SCAF_516	16745	590	35.23	295	0	224	71	3.15
SCAF_517	16741	592	35.36	296	0	125	171	0.73
SCAF_518	16733	544	32.51	272	0	203	69	2.94
SCAF_519	16710	674	40.34	337	0	188	149	1.26
SCAF_52	66855	1540	23.03	770	0	523	247	2.12
SCAF_520	16702	0	0.00	0	0	0	0	0
SCAF_521	16701	790	47.30	395	0	248	147	1.69
SCAF_522	16645	876	52.63	438	0	321	117	2.74
SCAF_523	16623	596	35.85	298	0	152	146	1.04
SCAF_524	16568	500	30.18	250	0	165	85	1.94
SCAF_525	16548	752	45.44	376	0	230	146	1.58
SCAF_526	16541	816	49.33	408	0	111	297	0.37
SCAF_527	16518	20	1.21	10	0	4	6	0.67
SCAF_528	16510	712	43.13	356	0	118	238	0.50
SCAF_529	16492	502	30.44	251	0	191	60	3.18
SCAF_53	65552	1888	28.80	944	0	662	282	2.35
SCAF_530	16462	328	19.92	164	0	131	33	3.97
SCAF_531	16461	724	43.98	362	0	236	126	1.87
SCAF_532	16447	500	30.40	250	0	175	75	2.33
SCAF_533	16383	614	37.48	307	0	221	86	2.57
SCAF_534	16345	666	40.75	333	0	162	171	0.95
SCAF_535	16343	764	46.75	382	0	260	122	2.13
SCAF_536	16333	786	48.12	393	0	263	130	2.02
SCAF_537	16287	380	23.33	190	0	128	62	2.06
SCAF_538	16266	810	49.80	405	0	201	204	0.99
SCAF_539	16246	716	44.07	358	0	245	113	2.17
SCAF_54	65267	1468	22.49	734	0	560	174	3.22
SCAF_540	16245	846	52.08	423	0	263	160	1.64
SCAF_541	16215	730	45.02	365	0	210	155	1.35
SCAF_542	16208	418	25.79	209	0	144	65	2.22
SCAF_543	16160	682	42.20	341	0	154	187	0.82
SCAF_544	16140	578	35.81	289	0	186	103	1.81
SCAF_545	16102	788	48.94	394	0	265	129	2.05
SCAF_546	16083	628	39.05	314	0	177	137	1.29
SCAF_547	16037	756	47.14	378	0	252	126	2.00
SCAF_548	16034	700	43.66	350	0	227	123	1.85
SCAF_549	16030	702	43.79	351	0	229	122	1.88
SCAF_55	65114	2122	32.59	1061	0	773	288	2.68
SCAF_550	16027	814	50.79	407	0	269	138	1.95
SCAF_551	15990	394	24.64	197	0	148	49	3.02
SCAF_552	15913	516	32.43	258	0	197	61	3.23
SCAF_553	15906	426	26.78	213	0	162	51	3.18
SCAF_554	15898	722	45.41	361	0	181	180	1.01
SCAF_555	15891	644	40.53	322	0	176	146	1.21
SCAF_556	15885	668	42.05	334	0	171	163	1.05
SCAF_557	15855	710	44.78	355	0	231	124	1.86
SCAF_558	15839	670	42.30	335	0	202	133	1.52
SCAF_559	15827	538	33.99	269	0	130	139	0.94
SCAF_56	62812	2076	33.05	1038	0	731	307	2.38
SCAF_560	15823	406	25.66	203	0	155	48	3.23
SCAF_561	15791	540	34.20	270	0	125	145	0.86
SCAF_562	15777	12	0.76	6	0	4	2	2.00
SCAF_563	15776	444	28.14	222	0	162	60	2.70
SCAF_564	15761	734	46.57	367	0	101	266	0.38
SCAF_565	15717	714	45.43	357	0	186	171	1.09
SCAF_566	15706	616	39.22	308	0	201	107	1.88
SCAF_567	15696	694	44.22	347	0	204	143	1.43
SCAF_568	15657	592	37.81	296	0	126	170	0.74
SCAF_569	15650	420	26.84	210	0	163	47	3.47
SCAF_57	62187	1848	29.72	924	0	689	235	2.93
SCAF_570	15646	670	42.82	335	0	253	82	3.09
SCAF_571	15619	584	37.39	292	0	186	106	1.75
SCAF_572	15612	746	47.78	373	0	215	158	1.36
SCAF_573	15605	690	44.22	345	0	202	143	1.41
SCAF_574	15575	578	37.11	289	0	213	76	2.80
SCAF_575	15573	434	27.87	217	0	126	91	1.38
SCAF_576	15571	762	48.94	381	0	242	139	1.74
SCAF_577	15544	618	39.76	309	0	161	148	1.09
SCAF_578	15521	366	23.58	183	0	117	66	1.77
SCAF_579	15497	710	45.82	355	0	198	157	1.26
SCAF_58	61544	2602	42.28	1301	0	681	620	1.10
SCAF_580	15481	528	34.11	264	0	124	140	0.89
SCAF_581	15458	458	29.63	229	0	180	49	3.67
SCAF_582	15439	480	31.09	240	0	163	77	2.12
SCAF_583	15421	620	40.20	310	0	258	52	4.96
SCAF_584	15337	834	54.38	417	0	282	135	2.09
SCAF_585	15336	694	45.25	347	0	208	139	1.50
SCAF_586	15301	606	39.61	303	0	170	133	1.28
SCAF_587	15300	202	13.20	101	0	82	19	4.32
SCAF_588	15298	620	40.53	310	0	155	155	1.00
SCAF_589	15238	558	36.62	279	0	215	64	3.36
SCAF_59	61533	1554	25.25	777	0	588	189	3.11
SCAF_590	15205	346	22.76	173	0	119	54	2.20
SCAF_591	15162	240	15.83	120	0	94	26	3.62
SCAF_592	15154	516	34.05	258	0	102	156	0.65
SCAF_593	15087	716	47.46	358	0	152	206	0.74
SCAF_594	15082	342	22.68	171	0	134	37	3.62
SCAF_595	15055	538	35.74	269	0	181	88	2.06
SCAF_596	15045	842	55.97	421	0	244	177	1.38
SCAF_597	15030	600	39.92	300	0	86	214	0.40
SCAF_598	15027	594	39.53	297	0	202	95	2.13
SCAF_599	15000	320	21.33	160	0	137	23	5.96
SCAF_6	1976889	0	0.00	0	0	0	0	0
SCAF_60	61411	1522	24.78	761	0	548	213	2.57
SCAF_600	14995	620	41.35	310	0	226	84	2.69
SCAF_601	14985	344	22.96	172	0	130	42	3.10
SCAF_602	14930	640	42.87	320	0	141	179	0.79
SCAF_603	14898	512	34.37	256	0	128	128	1.00
SCAF_604	14863	694	46.69	347	0	176	171	1.03
SCAF_605	14840	772	52.02	386	0	232	154	1.51
SCAF_606	14808	416	28.09	208	0	112	96	1.17
SCAF_607	14807	372	25.12	186	0	142	44	3.23
SCAF_608	14785	608	41.12	304	0	209	95	2.20
SCAF_609	14742	36	2.44	18	0	15	3	5.00
SCAF_61	61115	1786	29.22	893	0	689	204	3.38
SCAF_610	14738	646	43.83	323	0	185	138	1.34
SCAF_611	14737	168	11.40	84	0	61	23	2.65
SCAF_612	14712	8	0.54	4	0	1	3	0.33
SCAF_613	14708	354	24.07	177	0	126	51	2.47
SCAF_614	14694	304	20.69	152	0	108	44	2.45
SCAF_615	14684	658	44.81	329	0	188	141	1.33
SCAF_616	14676	530	36.11	265	0	168	97	1.73
SCAF_617	14662	544	37.10	272	0	211	61	3.46
SCAF_618	14658	704	48.03	352	0	175	177	0.99
SCAF_619	14650	480	32.76	240	0	169	71	2.38
SCAF_62	59972	1900	31.68	950	0	667	283	2.36
SCAF_620	14639	488	33.34	244	0	183	61	3.00
SCAF_621	14614	414	28.33	207	0	107	100	1.07
SCAF_622	14596	662	45.35	331	0	260	71	3.66
SCAF_623	14590	656	44.96	328	0	248	80	3.10
SCAF_624	14581	526	36.07	263	0	166	97	1.71
SCAF_625	14547	556	38.22	278	0	218	60	3.63
SCAF_626	14527	630	43.37	315	0	189	126	1.50
SCAF_627	14523	638	43.93	319	0	159	160	0.99
SCAF_628	14498	344	23.73	172	0	101	71	1.42
SCAF_629	14453	610	42.21	305	0	171	134	1.28
SCAF_63	59743	2956	49.48	1478	0	916	562	1.63
SCAF_630	14414	392	27.20	196	0	113	83	1.36
SCAF_631	14395	614	42.65	307	0	151	156	0.97
SCAF_632	14385	668	46.44	334	0	91	243	0.37
SCAF_633	14371	616	42.86	308	0	196	112	1.75
SCAF_634	14371	528	36.74	264	0	161	103	1.56
SCAF_635	14280	586	41.04	293	0	184	109	1.69
SCAF_636	14276	550	38.53	275	0	137	138	0.99
SCAF_637	14236	308	21.64	154	0	91	63	1.44
SCAF_638	14229	608	42.73	304	0	157	147	1.07
SCAF_639	14202	560	39.43	280	0	160	120	1.33
SCAF_64	58841	1924	32.70	962	0	694	268	2.59
SCAF_640	14111	738	52.30	369	0	263	106	2.48
SCAF_641	14088	512	36.34	256	0	121	135	0.90
SCAF_642	14005	568	40.56	284	0	118	166	0.71
SCAF_643	13977	8	0.57	4	0	2	2	1.00
SCAF_644	13890	710	51.12	355	0	233	122	1.91
SCAF_645	13875	624	44.97	312	0	119	193	0.62
SCAF_646	13874	356	25.66	178	0	134	44	3.05
SCAF_647	13848	540	38.99	270	0	138	132	1.05
SCAF_648	13847	602	43.48	301	0	192	109	1.76
SCAF_649	13838	512	37.00	256	0	177	79	2.24
SCAF_65	58838	2170	36.88	1085	0	791	294	2.69
SCAF_650	13812	592	42.86	296	0	189	107	1.77
SCAF_651	13758	242	17.59	121	0	91	30	3.03
SCAF_652	13727	666	48.52	333	0	149	184	0.81
SCAF_653	13703	446	32.55	223	0	141	82	1.72
SCAF_654	13701	546	39.85	273	0	162	111	1.46
SCAF_655	13677	692	50.60	346	0	232	114	2.04
SCAF_656	13622	624	45.81	312	0	157	155	1.01
SCAF_657	13584	680	50.06	340	0	234	106	2.21
SCAF_658	13583	574	42.26	287	0	134	153	0.88
SCAF_659	13535	560	41.37	280	0	131	149	0.88
SCAF_66	58483	1602	27.39	801	0	551	250	2.20
SCAF_660	13535	640	47.28	320	0	179	141	1.27
SCAF_661	13499	644	47.71	322	0	179	143	1.25
SCAF_662	13464	464	34.46	232	0	168	64	2.62
SCAF_663	13438	446	33.19	223	0	188	35	5.37
SCAF_664	13385	14	1.05	7	0	2	5	0.40
SCAF_665	13357	616	46.12	308	0	200	108	1.85
SCAF_666	13330	596	44.71	298	0	162	136	1.19
SCAF_667	13327	580	43.52	290	0	208	82	2.54
SCAF_668	13319	544	40.84	272	0	187	85	2.20
SCAF_669	13303	588	44.20	294	0	174	120	1.45
SCAF_67	57162	1458	25.51	729	0	577	152	3.80
SCAF_670	13293	532	40.02	266	0	97	169	0.57
SCAF_671	13288	358	26.94	179	0	131	48	2.73
SCAF_672	13266	496	37.39	248	0	122	126	0.97
SCAF_673	13189	248	18.80	124	0	94	30	3.13
SCAF_674	13149	364	27.68	182	0	130	52	2.50
SCAF_675	13128	518	39.46	259	0	182	77	2.36
SCAF_676	13120	140	10.67	70	0	46	24	1.92
SCAF_677	13080	602	46.02	301	0	190	111	1.71
SCAF_678	13050	512	39.23	256	0	128	128	1.00
SCAF_679	13043	586	44.93	293	0	171	122	1.40
SCAF_68	56404	2032	36.03	1016	0	800	216	3.70
SCAF_680	13008	552	42.44	276	0	165	111	1.49
SCAF_681	13001	430	33.07	215	0	138	77	1.79
SCAF_682	12997	448	34.47	224	0	164	60	2.73
SCAF_683	12986	530	40.81	265	0	128	137	0.93
SCAF_684	12871	686	53.30	343	0	218	125	1.74
SCAF_685	12842	654	50.93	327	0	164	163	1.01
SCAF_686	12830	518	40.37	259	0	182	77	2.36
SCAF_687	12781	596	46.63	298	0	141	157	0.90
SCAF_688	12768	424	33.21	212	0	166	46	3.61
SCAF_689	12768	520	40.73	260	0	124	136	0.91
SCAF_69	55942	2438	43.58	1219	0	643	576	1.12
SCAF_690	12764	502	39.33	251	0	148	103	1.44
SCAF_691	12677	504	39.76	252	0	174	78	2.23
SCAF_692	12675	486	38.34	243	0	153	90	1.70
SCAF_693	12651	594	46.95	297	0	204	93	2.19
SCAF_694	12646	364	28.78	182	0	129	53	2.43
SCAF_695	12643	260	20.56	130	0	94	36	2.61
SCAF_696	12633	438	34.67	219	0	127	92	1.38
SCAF_697	12625	584	46.26	292	0	123	169	0.73
SCAF_698	12617	440	34.87	220	0	150	70	2.14
SCAF_699	12540	540	43.06	270	0	158	112	1.41
SCAF_7	1932263	0	0.00	0	0	0	0	0
SCAF_70	55722	1768	31.73	884	0	619	265	2.34
SCAF_700	12515	876	70.00	438	0	314	124	2.53
SCAF_701	12482	518	41.50	259	0	152	107	1.42
SCAF_702	12461	518	41.57	259	0	194	65	2.98
SCAF_703	12456	488	39.18	244	0	193	51	3.78
SCAF_704	12456	352	28.26	176	0	133	43	3.09
SCAF_705	12358	374	30.26	187	0	130	57	2.28
SCAF_706	12350	386	31.26	193	0	127	66	1.92
SCAF_707	12343	556	45.05	278	0	185	93	1.99
SCAF_708	12333	482	39.08	241	0	148	93	1.59
SCAF_709	12319	14	1.14	7	0	4	3	1.33
SCAF_71	55604	1884	33.88	942	0	717	225	3.19
SCAF_710	12288	436	35.48	218	0	134	84	1.60
SCAF_711	12252	422	34.44	211	0	163	48	3.40
SCAF_712	12218	734	60.08	367	0	231	136	1.70
SCAF_713	12177	288	23.65	144	0	118	26	4.54
SCAF_714	12167	630	51.78	315	0	203	112	1.81
SCAF_715	12163	188	15.46	94	0	37	57	0.65
SCAF_716	12143	406	33.43	203	0	86	117	0.74
SCAF_717	12102	402	33.22	201	0	147	54	2.72
SCAF_718	12099	458	37.85	229	0	100	129	0.78
SCAF_719	12095	518	42.83	259	0	154	105	1.47
SCAF_72	54709	2628	48.04	1314	0	451	863	0.52
SCAF_720	12085	588	48.66	294	0	203	91	2.23
SCAF_721	12078	556	46.03	278	0	185	93	1.99
SCAF_722	12066	478	39.62	239	0	193	46	4.20
SCAF_723	12015	438	36.45	219	0	92	127	0.72
SCAF_724	12004	416	34.66	208	0	127	81	1.57
SCAF_725	11949	478	40.00	239	0	152	87	1.75
SCAF_726	11911	608	51.05	304	0	211	93	2.27
SCAF_727	11900	406	34.12	203	0	118	85	1.39
SCAF_728	11869	344	28.98	172	0	115	57	2.02
SCAF_729	11788	392	33.25	196	0	145	51	2.84
SCAF_73	52157	2694	51.65	1347	0	559	788	0.71
SCAF_730	11785	348	29.53	174	0	133	41	3.24
SCAF_731	11750	566	48.17	283	0	90	193	0.47
SCAF_732	11699	560	47.87	280	0	216	64	3.38
SCAF_733	11674	528	45.23	264	0	142	122	1.16
SCAF_734	11658	554	47.52	277	0	148	129	1.15
SCAF_735	11648	326	27.99	163	0	127	36	3.53
SCAF_736	11642	452	38.82	226	0	105	121	0.87
SCAF_737	11612	388	33.41	194	0	114	80	1.43
SCAF_738	11595	470	40.53	235	0	149	86	1.73
SCAF_739	11525	586	50.85	293	0	179	114	1.57
SCAF_74	52077	1826	35.06	913	0	616	297	2.07
SCAF_740	11505	446	38.77	223	0	89	134	0.66
SCAF_741	11492	464	40.38	232	0	128	104	1.23
SCAF_742	11467	20	1.74	10	0	5	5	1.00
SCAF_743	11404	358	31.39	179	0	118	61	1.93
SCAF_744	11377	504	44.30	252	0	172	80	2.15
SCAF_745	11364	492	43.29	246	0	125	121	1.03
SCAF_746	11318	424	37.46	212	0	144	68	2.12
SCAF_747	11311	620	54.81	310	0	211	99	2.13
SCAF_748	11306	318	28.13	159	0	126	33	3.82
SCAF_749	11299	476	42.13	238	0	178	60	2.97
SCAF_75	51185	1548	30.24	774	0	538	236	2.28
SCAF_750	11284	592	52.46	296	0	205	91	2.25
SCAF_751	11276	592	52.50	296	0	187	109	1.72
SCAF_752	11267	528	46.86	264	0	177	87	2.03
SCAF_753	11254	514	45.67	257	0	159	98	1.62
SCAF_754	11236	414	36.85	207	0	116	91	1.27
SCAF_755	11231	478	42.56	239	0	104	135	0.77
SCAF_756	11200	300	26.79	150	0	116	34	3.41
SCAF_757	11195	590	52.70	295	0	145	150	0.97
SCAF_758	11126	530	47.64	265	0	181	84	2.15
SCAF_759	11118	370	33.28	185	0	77	108	0.71
SCAF_76	50428	6	0.12	3	0	3	0	0
SCAF_760	11100	574	51.71	287	0	211	76	2.78
SCAF_761	11097	446	40.19	223	0	142	81	1.75
SCAF_762	11029	366	33.19	183	0	111	72	1.54
SCAF_763	11019	80	7.26	40	0	29	11	2.64
SCAF_764	10979	182	16.58	91	0	68	23	2.96
SCAF_765	10957	540	49.28	270	0	176	94	1.87
SCAF_766	10940	502	45.89	251	0	129	122	1.06
SCAF_767	10913	414	37.94	207	0	171	36	4.75
SCAF_768	10886	186	17.09	93	0	72	21	3.43
SCAF_769	10867	382	35.15	191	0	96	95	1.01
SCAF_77	50384	392	7.78	196	0	137	59	2.32
SCAF_770	10816	532	49.19	266	0	198	68	2.91
SCAF_771	10810	432	39.96	216	0	124	92	1.35
SCAF_772	10709	470	43.89	235	0	125	110	1.14
SCAF_773	10688	380	35.55	190	0	132	58	2.28
SCAF_774	10648	354	33.25	177	0	134	43	3.12
SCAF_775	10642	356	33.45	178	0	93	85	1.09
SCAF_776	10612	374	35.24	187	0	108	79	1.37
SCAF_777	10608	158	14.89	79	0	47	32	1.47
SCAF_778	10604	456	43.00	228	0	122	106	1.15
SCAF_779	10578	514	48.59	257	0	139	118	1.18
SCAF_78	49366	1894	38.37	947	0	640	307	2.08
SCAF_780	10571	340	32.16	170	0	96	74	1.30
SCAF_781	10511	540	51.37	270	0	216	54	4.00
SCAF_782	10492	426	40.60	213	0	105	108	0.97
SCAF_783	10421	402	38.58	201	0	80	121	0.66
SCAF_784	10379	186	17.92	93	0	73	20	3.65
SCAF_785	10337	422	40.82	211	0	128	83	1.54
SCAF_786	10326	450	43.58	225	0	126	99	1.27
SCAF_787	10326	518	50.16	259	0	173	86	2.01
SCAF_788	10316	368	35.67	184	0	105	79	1.33
SCAF_789	10256	156	15.21	78	0	39	39	1.00
SCAF_79	49160	1472	29.94	736	0	531	205	2.59
SCAF_790	10228	360	35.20	180	0	128	52	2.46
SCAF_791	10185	386	37.90	193	0	81	112	0.72
SCAF_792	10184	392	38.49	196	0	107	89	1.20
SCAF_793	10160	166	16.34	83	0	56	27	2.07
SCAF_794	10147	346	34.10	173	0	103	70	1.47
SCAF_795	10110	230	22.75	115	0	91	24	3.79
SCAF_796	10045	444	44.20	222	0	157	65	2.42
SCAF_797	10015	384	38.34	192	0	137	55	2.49
SCAF_798	10012	456	45.55	228	0	103	125	0.82
SCAF_799	9978	130	13.03	65	0	43	22	1.95
SCAF_8	1669080	0	0.00	0	0	0	0	0
SCAF_80	48966	1864	38.07	932	0	654	278	2.35
SCAF_800	9947	282	28.35	141	0	115	26	4.42
SCAF_801	9941	398	40.04	199	0	113	86	1.31
SCAF_802	9910	360	36.33	180	0	117	63	1.86
SCAF_803	9879	412	41.70	206	0	118	88	1.34
SCAF_804	9861	270	27.38	135	0	105	30	3.50
SCAF_805	9859	384	38.95	192	0	110	82	1.34
SCAF_806	9855	454	46.07	227	0	111	116	0.96
SCAF_807	9792	530	54.13	265	0	116	149	0.78
SCAF_808	9784	402	41.09	201	0	78	123	0.63
SCAF_809	9773	276	28.24	138	0	105	33	3.18
SCAF_81	48848	1864	38.16	932	0	560	372	1.51
SCAF_810	9756	378	38.75	189	0	121	68	1.78
SCAF_811	9753	416	42.65	208	0	136	72	1.89
SCAF_812	9719	368	37.86	184	0	129	55	2.35
SCAF_813	9715	364	37.47	182	0	130	52	2.50
SCAF_814	9708	438	45.12	219	0	144	75	1.92
SCAF_815	9700	374	38.56	187	0	119	68	1.75
SCAF_816	9673	372	38.46	186	0	113	73	1.55
SCAF_817	9638	278	28.84	139	0	48	91	0.53
SCAF_818	9601	416	43.33	208	0	126	82	1.54
SCAF_819	9601	366	38.12	183	0	92	91	1.01
SCAF_82	48542	1146	23.61	573	0	461	112	4.12
SCAF_820	9550	46	4.82	23	0	14	9	1.56
SCAF_821	9533	392	41.12	196	0	104	92	1.13
SCAF_822	9498	378	39.80	189	0	108	81	1.33
SCAF_823	9466	0	0.00	0	0	0	0	0
SCAF_824	9457	244	25.80	122	0	67	55	1.22
SCAF_825	9446	290	30.70	145	0	105	40	2.62
SCAF_826	9385	282	30.05	141	0	93	48	1.94
SCAF_827	9376	198	21.12	99	0	69	30	2.30
SCAF_828	9365	420	44.85	210	0	144	66	2.18
SCAF_829	9320	174	18.67	87	0	65	22	2.95
SCAF_83	48542	2236	46.06	1118	0	375	743	0.50
SCAF_830	9303	374	40.20	187	0	109	78	1.40
SCAF_831	9295	154	16.57	77	0	48	29	1.66
SCAF_832	9282	418	45.03	209	0	123	86	1.43
SCAF_833	9263	256	27.64	128	0	80	48	1.67
SCAF_834	9159	140	15.29	70	0	48	22	2.18
SCAF_835	9159	362	39.52	181	0	86	95	0.91
SCAF_836	9157	388	42.37	194	0	135	59	2.29
SCAF_837	9095	414	45.52	207	0	144	63	2.29
SCAF_838	9078	308	33.93	154	0	109	45	2.42
SCAF_839	9057	74	8.17	37	0	24	13	1.85
SCAF_84	47775	1960	41.03	980	0	598	382	1.57
SCAF_840	9014	454	50.37	227	0	156	71	2.20
SCAF_841	8986	244	27.15	122	0	97	25	3.88
SCAF_842	8986	216	24.04	108	0	67	41	1.63
SCAF_843	8952	110	12.29	55	0	29	26	1.12
SCAF_844	8935	200	22.38	100	0	71	29	2.45
SCAF_845	8927	256	28.68	128	0	94	34	2.76
SCAF_846	8908	174	19.53	87	0	55	32	1.72
SCAF_847	8868	368	41.50	184	0	123	61	2.02
SCAF_848	8867	292	32.93	146	0	73	73	1.00
SCAF_849	8825	252	28.56	126	0	86	40	2.15
SCAF_85	47318	1692	35.76	846	0	576	270	2.13
SCAF_850	8771	408	46.52	204	0	112	92	1.22
SCAF_851	8703	350	40.22	175	0	78	97	0.80
SCAF_852	8695	340	39.10	170	0	124	46	2.70
SCAF_853	8662	18	2.08	9	0	6	3	2.00
SCAF_854	8634	348	40.31	174	0	101	73	1.38
SCAF_855	8630	378	43.80	189	0	123	66	1.86
SCAF_856	8617	0	0.00	0	0	0	0	0
SCAF_857	8469	366	43.22	183	0	102	81	1.26
SCAF_858	8431	310	36.77	155	0	116	39	2.97
SCAF_859	8397	264	31.44	132	0	74	58	1.28
SCAF_86	46994	1282	27.28	641	0	439	202	2.17
SCAF_860	8390	256	30.51	128	0	100	28	3.57
SCAF_861	8357	450	53.85	225	0	151	74	2.04
SCAF_862	8342	222	26.61	111	0	79	32	2.47
SCAF_863	8337	326	39.10	163	0	98	65	1.51
SCAF_864	8258	238	28.82	119	0	82	37	2.22
SCAF_865	8103	360	44.43	180	0	130	50	2.60
SCAF_866	8034	154	19.17	77	0	53	24	2.21
SCAF_867	8027	254	31.64	127	0	89	38	2.34
SCAF_868	8017	318	39.67	159	0	92	67	1.37
SCAF_869	8015	150	18.71	75	0	56	19	2.95
SCAF_87	46805	1514	32.35	757	0	568	189	3.01
SCAF_870	8015	238	29.69	119	0	46	73	0.63
SCAF_871	8000	320	40.00	160	0	104	56	1.86
SCAF_872	7790	326	41.85	163	0	110	53	2.08
SCAF_873	7773	292	37.57	146	0	90	56	1.61
SCAF_874	7763	190	24.48	95	0	71	24	2.96
SCAF_875	7721	294	38.08	147	0	105	42	2.50
SCAF_876	7701	40	5.19	20	0	15	5	3.00
SCAF_877	7680	312	40.62	156	0	105	51	2.06
SCAF_878	7622	378	49.59	189	0	112	77	1.45
SCAF_879	7582	314	41.41	157	0	123	34	3.62
SCAF_88	46738	1964	42.02	982	0	465	517	0.90
SCAF_880	7559	194	25.66	97	0	71	26	2.73
SCAF_881	7416	202	27.24	101	0	81	20	4.05
SCAF_882	7394	234	31.65	117	0	80	37	2.16
SCAF_883	7363	254	34.50	127	0	87	40	2.17
SCAF_884	7338	324	44.15	162	0	80	82	0.98
SCAF_885	7324	318	43.42	159	0	93	66	1.41
SCAF_886	7276	88	12.09	44	0	29	15	1.93
SCAF_887	7242	194	26.79	97	0	55	42	1.31
SCAF_888	7231	384	53.10	192	0	138	54	2.56
SCAF_889	7198	222	30.84	111	0	60	51	1.18
SCAF_89	46547	1318	28.32	659	0	437	222	1.97
SCAF_890	7142	392	54.89	196	0	124	72	1.72
SCAF_891	7028	314	44.68	157	0	105	52	2.02
SCAF_892	7025	298	42.42	149	0	103	46	2.24
SCAF_893	7015	272	38.77	136	0	77	59	1.31
SCAF_894	6958	268	38.52	134	0	51	83	0.61
SCAF_895	6948	348	50.09	174	0	119	55	2.16
SCAF_896	6829	0	0.00	0	0	0	0	0
SCAF_897	6804	306	44.97	153	0	98	55	1.78
SCAF_898	6754	146	21.62	73	0	55	18	3.06
SCAF_899	6732	262	38.92	131	0	64	67	0.96
SCAF_9	1646134	0	0.00	0	0	0	0	0
SCAF_90	46221	1998	43.23	999	0	593	406	1.46
SCAF_900	6698	54	8.06	27	0	22	5	4.40
SCAF_901	6642	218	32.82	109	0	50	59	0.85
SCAF_902	6588	114	17.30	57	0	32	25	1.28
SCAF_903	6549	214	32.68	107	0	72	35	2.06
SCAF_904	6496	256	39.41	128	0	66	62	1.06
SCAF_905	6483	270	41.65	135	0	87	48	1.81
SCAF_906	6367	278	43.66	139	0	78	61	1.28
SCAF_907	6367	174	27.33	87	0	67	20	3.35
SCAF_908	6228	2	0.32	1	0	0	1	0.00
SCAF_909	6173	154	24.95	77	0	57	20	2.85
SCAF_91	44916	1502	33.44	751	0	535	216	2.48
SCAF_910	6170	152	24.64	76	0	40	36	1.11
SCAF_911	6077	0	0.00	0	0	0	0	0
SCAF_912	6073	0	0.00	0	0	0	0	0
SCAF_913	6059	0	0.00	0	0	0	0	0
SCAF_914	6001	0	0.00	0	0	0	0	0
SCAF_915	5869	0	0.00	0	0	0	0	0
SCAF_916	5803	0	0.00	0	0	0	0	0
SCAF_917	5661	0	0.00	0	0	0	0	0
SCAF_918	5277	0	0.00	0	0	0	0	0
SCAF_92	44616	16	0.36	8	0	2	6	0.33
SCAF_93	44136	1558	35.30	779	0	527	252	2.09
SCAF_94	43913	1526	34.75	763	0	486	277	1.75
SCAF_95	43808	1868	42.64	934	0	522	412	1.27
SCAF_96	43342	1418	32.72	709	0	507	202	2.51
SCAF_97	43038	62	1.44	31	0	14	17	0.82
SCAF_98	42896	1810	42.20	905	0	618	287	2.15
SCAF_99	42178	1152	27.31	576	0	414	162	2.56
Totals	51514314	822886	15.97	411443	0	261488	149955	1.74
