Chromosome	Length	Total Variants	VarPerKb	SNP	INDEL	Ts	Tv	Ts/Tv
SCAF_1	5574741	0	0.00	0	0	0	0	0
SCAF_10	1570817	0	0.00	0	0	0	0	0
SCAF_100	41993	1374	32.72	687	0	447	240	1.86
SCAF_101	41585	2128	51.17	1064	0	712	352	2.02
SCAF_102	41267	0	0.00	0	0	0	0	0
SCAF_103	41164	1920	46.64	960	0	502	458	1.10
SCAF_104	40984	1436	35.04	718	0	251	467	0.54
SCAF_105	40971	1124	27.43	562	0	416	146	2.85
SCAF_106	40689	1938	47.63	969	0	620	349	1.78
SCAF_107	40038	1082	27.02	541	0	401	140	2.86
SCAF_108	39998	894	22.35	447	0	285	162	1.76
SCAF_109	39904	2088	52.33	1044	0	829	215	3.86
SCAF_11	1437752	80440	55.95	40220	0	28529	11691	2.44
SCAF_110	39605	1726	43.58	863	0	653	210	3.11
SCAF_111	39279	1570	39.97	785	0	316	469	0.67
SCAF_112	39164	4	0.10	2	0	2	0	0
SCAF_113	39049	1672	42.82	836	0	285	551	0.52
SCAF_114	38983	1878	48.17	939	0	653	286	2.28
SCAF_115	38824	1042	26.84	521	0	426	95	4.48
SCAF_116	37823	1052	27.81	526	0	388	138	2.81
SCAF_117	37728	30	0.80	15	0	8	7	1.14
SCAF_118	37705	1654	43.87	827	0	532	295	1.80
SCAF_119	37514	1632	43.50	816	0	538	278	1.94
SCAF_12	978195	52976	54.16	26488	0	18629	7859	2.37
SCAF_120	37456	36	0.96	18	0	3	15	0.20
SCAF_121	37441	2	0.05	1	0	0	1	0.00
SCAF_122	37347	1014	27.15	507	0	385	122	3.16
SCAF_123	37222	1204	32.35	602	0	137	465	0.29
SCAF_124	36961	476	12.88	238	0	188	50	3.76
SCAF_125	36710	1280	34.87	640	0	214	426	0.50
SCAF_126	36614	1276	34.85	638	0	447	191	2.34
SCAF_127	36584	1666	45.54	833	0	567	266	2.13
SCAF_128	36068	1866	51.74	933	0	599	334	1.79
SCAF_129	35972	1816	50.48	908	0	638	270	2.36
SCAF_13	598471	27836	46.51	13918	0	9438	4480	2.11
SCAF_130	35925	1768	49.21	884	0	586	298	1.97
SCAF_131	35704	320	8.96	160	0	96	64	1.50
SCAF_132	35264	1910	54.16	955	0	674	281	2.40
SCAF_133	35121	16	0.46	8	0	6	2	3.00
SCAF_134	35117	1172	33.37	586	0	390	196	1.99
SCAF_135	34903	1130	32.38	565	0	117	448	0.26
SCAF_136	34900	26	0.74	13	0	4	9	0.44
SCAF_137	34765	1106	31.81	553	0	191	362	0.53
SCAF_138	34687	1248	35.98	624	0	391	233	1.68
SCAF_139	34615	1650	47.67	825	0	536	289	1.85
SCAF_14	247525	500	2.02	250	0	129	121	1.07
SCAF_140	34599	8	0.23	4	0	2	2	1.00
SCAF_141	34497	576	16.70	288	0	195	93	2.10
SCAF_142	34440	24	0.70	12	0	4	8	0.50
SCAF_143	34384	1132	32.92	566	0	128	438	0.29
SCAF_144	34330	1132	32.97	566	0	197	369	0.53
SCAF_145	34087	1196	35.09	598	0	386	212	1.82
SCAF_146	33692	1324	39.30	662	0	431	231	1.87
SCAF_147	33483	38	1.13	19	0	11	8	1.38
SCAF_148	33469	1194	35.67	597	0	450	147	3.06
SCAF_149	33420	6	0.18	3	0	0	3	0.00
SCAF_15	224905	8586	38.18	4293	0	2951	1342	2.20
SCAF_150	33347	1146	34.37	573	0	412	161	2.56
SCAF_151	33283	1090	32.75	545	0	342	203	1.68
SCAF_152	33266	820	24.65	410	0	58	352	0.16
SCAF_153	33237	1320	39.71	660	0	402	258	1.56
SCAF_154	33139	1462	44.12	731	0	536	195	2.75
SCAF_155	33127	0	0.00	0	0	0	0	0
SCAF_156	32748	1252	38.23	626	0	379	247	1.53
SCAF_157	32666	1004	30.74	502	0	285	217	1.31
SCAF_158	32618	388	11.90	194	0	103	91	1.13
SCAF_159	32358	108	3.34	54	0	35	19	1.84
SCAF_16	181804	3956	21.76	1978	0	932	1046	0.89
SCAF_160	32136	1212	37.71	606	0	205	401	0.51
SCAF_161	32035	1298	40.52	649	0	211	438	0.48
SCAF_162	31954	984	30.79	492	0	378	114	3.32
SCAF_163	31782	1084	34.11	542	0	189	353	0.54
SCAF_164	31669	700	22.10	350	0	89	261	0.34
SCAF_165	31629	1816	57.42	908	0	642	266	2.41
SCAF_166	31581	146	4.62	73	0	46	27	1.70
SCAF_167	31556	1424	45.13	712	0	463	249	1.86
SCAF_168	31421	1372	43.67	686	0	237	449	0.53
SCAF_169	31314	1174	37.49	587	0	107	480	0.22
SCAF_17	176395	10014	56.77	5007	0	3418	1589	2.15
SCAF_170	31127	1040	33.41	520	0	296	224	1.32
SCAF_171	31061	4	0.13	2	0	0	2	0.00
SCAF_172	31059	126	4.06	63	0	31	32	0.97
SCAF_173	30866	1316	42.64	658	0	440	218	2.02
SCAF_174	30739	10	0.33	5	0	1	4	0.25
SCAF_175	30330	852	28.09	426	0	326	100	3.26
SCAF_176	30301	450	14.85	225	0	145	80	1.81
SCAF_177	30226	800	26.47	400	0	276	124	2.23
SCAF_178	30187	410	13.58	205	0	126	79	1.59
SCAF_179	30183	1322	43.80	661	0	210	451	0.47
SCAF_18	160122	5460	34.10	2730	0	1946	784	2.48
SCAF_180	30131	1440	47.79	720	0	519	201	2.58
SCAF_181	30071	734	24.41	367	0	263	104	2.53
SCAF_182	30032	1664	55.41	832	0	531	301	1.76
SCAF_183	30005	144	4.80	72	0	51	21	2.43
SCAF_184	29541	1016	34.39	508	0	347	161	2.16
SCAF_185	29415	1640	55.75	820	0	630	190	3.32
SCAF_186	29375	1022	34.79	511	0	185	326	0.57
SCAF_187	29360	614	20.91	307	0	182	125	1.46
SCAF_188	29327	1376	46.92	688	0	474	214	2.21
SCAF_189	29236	992	33.93	496	0	333	163	2.04
SCAF_19	139354	2324	16.68	1162	0	932	230	4.05
SCAF_190	29216	820	28.07	410	0	260	150	1.73
SCAF_191	29200	878	30.07	439	0	291	148	1.97
SCAF_192	29083	48	1.65	24	0	18	6	3.00
SCAF_193	29081	806	27.72	403	0	254	149	1.70
SCAF_194	28863	42	1.46	21	0	18	3	6.00
SCAF_195	28688	728	25.38	364	0	224	140	1.60
SCAF_196	28688	1178	41.06	589	0	243	346	0.70
SCAF_197	28670	792	27.62	396	0	275	121	2.27
SCAF_198	28585	786	27.50	393	0	246	147	1.67
SCAF_199	28585	806	28.20	403	0	287	116	2.47
SCAF_2	4079479	0	0.00	0	0	0	0	0
SCAF_20	131876	5556	42.13	2778	0	1964	814	2.41
SCAF_200	28563	1156	40.47	578	0	199	379	0.53
SCAF_201	28551	1182	41.40	591	0	413	178	2.32
SCAF_202	28219	1050	37.21	525	0	156	369	0.42
SCAF_203	28217	660	23.39	330	0	251	79	3.18
SCAF_204	28187	1052	37.32	526	0	333	193	1.73
SCAF_205	28138	606	21.54	303	0	38	265	0.14
SCAF_206	28111	644	22.91	322	0	112	210	0.53
SCAF_207	27959	1506	53.86	753	0	450	303	1.49
SCAF_208	27935	2	0.07	1	0	0	1	0.00
SCAF_209	27830	1106	39.74	553	0	181	372	0.49
SCAF_21	130124	4942	37.98	2471	0	1646	825	2.00
SCAF_210	27781	612	22.03	306	0	88	218	0.40
SCAF_211	27774	1380	49.69	690	0	473	217	2.18
SCAF_212	27772	738	26.57	369	0	217	152	1.43
SCAF_213	27728	764	27.55	382	0	260	122	2.13
SCAF_214	27690	1188	42.90	594	0	204	390	0.52
SCAF_215	27659	4	0.14	2	0	1	1	1.00
SCAF_216	27637	714	25.83	357	0	250	107	2.34
SCAF_217	27634	776	28.08	388	0	237	151	1.57
SCAF_218	27594	1212	43.92	606	0	381	225	1.69
SCAF_219	27563	98	3.56	49	0	33	16	2.06
SCAF_22	121580	6714	55.22	3357	0	2233	1124	1.99
SCAF_220	27545	1192	43.27	596	0	412	184	2.24
SCAF_221	27530	1284	46.64	642	0	247	395	0.63
SCAF_222	27515	326	11.85	163	0	121	42	2.88
SCAF_223	27476	754	27.44	377	0	218	159	1.37
SCAF_224	27450	462	16.83	231	0	81	150	0.54
SCAF_225	27344	1126	41.18	563	0	431	132	3.27
SCAF_226	27270	426	15.62	213	0	154	59	2.61
SCAF_227	27232	1160	42.60	580	0	353	227	1.56
SCAF_228	27189	842	30.97	421	0	234	187	1.25
SCAF_229	27037	718	26.56	359	0	235	124	1.90
SCAF_23	117381	5138	43.77	2569	0	1631	938	1.74
SCAF_230	26948	1254	46.53	627	0	483	144	3.35
SCAF_231	26899	642	23.87	321	0	107	214	0.50
SCAF_232	26856	756	28.15	378	0	128	250	0.51
SCAF_233	26767	1032	38.55	516	0	363	153	2.37
SCAF_234	26700	0	0.00	0	0	0	0	0
SCAF_235	26660	8	0.30	4	0	1	3	0.33
SCAF_236	26499	1082	40.83	541	0	140	401	0.35
SCAF_237	26482	390	14.73	195	0	117	78	1.50
SCAF_238	26369	674	25.56	337	0	134	203	0.66
SCAF_239	26171	946	36.15	473	0	138	335	0.41
SCAF_24	115879	6374	55.01	3187	0	2108	1079	1.95
SCAF_240	26148	1196	45.74	598	0	410	188	2.18
SCAF_241	26131	1458	55.80	729	0	500	229	2.18
SCAF_242	26114	878	33.62	439	0	84	355	0.24
SCAF_243	26085	816	31.28	408	0	182	226	0.81
SCAF_244	26060	220	8.44	110	0	58	52	1.12
SCAF_245	25968	502	19.33	251	0	98	153	0.64
SCAF_246	25946	14	0.54	7	0	3	4	0.75
SCAF_247	25940	1474	56.82	737	0	479	258	1.86
SCAF_248	25895	778	30.04	389	0	254	135	1.88
SCAF_249	25885	1120	43.27	560	0	158	402	0.39
SCAF_25	115495	5506	47.67	2753	0	1703	1050	1.62
SCAF_250	25884	902	34.85	451	0	307	144	2.13
SCAF_251	25874	616	23.81	308	0	227	81	2.80
SCAF_252	25864	128	4.95	64	0	41	23	1.78
SCAF_253	25825	794	30.75	397	0	158	239	0.66
SCAF_254	25798	1110	43.03	555	0	343	212	1.62
SCAF_255	25728	1090	42.37	545	0	409	136	3.01
SCAF_256	25725	582	22.62	291	0	157	134	1.17
SCAF_257	25720	468	18.20	234	0	153	81	1.89
SCAF_258	25700	864	33.62	432	0	268	164	1.63
SCAF_259	25645	788	30.73	394	0	252	142	1.77
SCAF_26	113072	4250	37.59	2125	0	1421	704	2.02
SCAF_260	25595	1104	43.13	552	0	367	185	1.98
SCAF_261	25593	1348	52.67	674	0	203	471	0.43
SCAF_262	25592	906	35.40	453	0	184	269	0.68
SCAF_263	25481	584	22.92	292	0	211	81	2.60
SCAF_264	25444	1328	52.19	664	0	420	244	1.72
SCAF_265	25436	516	20.29	258	0	77	181	0.43
SCAF_266	25377	1008	39.72	504	0	351	153	2.29
SCAF_267	25340	1322	52.17	661	0	448	213	2.10
SCAF_268	25329	664	26.22	332	0	200	132	1.52
SCAF_269	25264	606	23.99	303	0	221	82	2.70
SCAF_27	110609	1846	16.69	923	0	768	155	4.95
SCAF_270	25225	652	25.85	326	0	97	229	0.42
SCAF_271	25206	598	23.72	299	0	179	120	1.49
SCAF_272	25161	560	22.26	280	0	172	108	1.59
SCAF_273	25090	876	34.91	438	0	306	132	2.32
SCAF_274	24834	346	13.93	173	0	52	121	0.43
SCAF_275	24832	1026	41.32	513	0	356	157	2.27
SCAF_276	24811	720	29.02	360	0	241	119	2.03
SCAF_277	24713	484	19.58	242	0	166	76	2.18
SCAF_278	24673	678	27.48	339	0	91	248	0.37
SCAF_279	24542	858	34.96	429	0	161	268	0.60
SCAF_28	109542	3550	32.41	1775	0	1352	423	3.20
SCAF_280	24528	736	30.01	368	0	257	111	2.32
SCAF_281	24435	58	2.37	29	0	18	11	1.64
SCAF_282	24359	94	3.86	47	0	23	24	0.96
SCAF_283	24173	962	39.80	481	0	333	148	2.25
SCAF_284	24152	0	0.00	0	0	0	0	0
SCAF_285	24110	102	4.23	51	0	24	27	0.89
SCAF_286	24066	622	25.85	311	0	197	114	1.73
SCAF_287	23981	138	5.75	69	0	40	29	1.38
SCAF_288	23980	1024	42.70	512	0	237	275	0.86
SCAF_289	23950	836	34.91	418	0	247	171	1.44
SCAF_29	108319	4788	44.20	2394	0	1809	585	3.09
SCAF_290	23945	974	40.68	487	0	307	180	1.71
SCAF_291	23886	578	24.20	289	0	129	160	0.81
SCAF_292	23860	464	19.45	232	0	163	69	2.36
SCAF_293	23814	1386	58.20	693	0	256	437	0.59
SCAF_294	23796	694	29.16	347	0	71	276	0.26
SCAF_295	23767	1078	45.36	539	0	186	353	0.53
SCAF_296	23762	690	29.04	345	0	195	150	1.30
SCAF_297	23695	816	34.44	408	0	308	100	3.08
SCAF_298	23666	140	5.92	70	0	35	35	1.00
SCAF_299	23648	298	12.60	149	0	96	53	1.81
SCAF_3	3666439	0	0.00	0	0	0	0	0
SCAF_30	107902	4960	45.97	2480	0	1704	776	2.20
SCAF_300	23643	4	0.17	2	0	2	0	0
SCAF_301	23638	722	30.54	361	0	253	108	2.34
SCAF_302	23633	820	34.70	410	0	67	343	0.20
SCAF_303	23629	948	40.12	474	0	138	336	0.41
SCAF_304	23571	936	39.71	468	0	327	141	2.32
SCAF_305	23555	862	36.60	431	0	291	140	2.08
SCAF_306	23322	416	17.84	208	0	132	76	1.74
SCAF_307	23295	794	34.08	397	0	98	299	0.33
SCAF_308	23075	0	0.00	0	0	0	0	0
SCAF_309	23057	700	30.36	350	0	117	233	0.50
SCAF_31	106626	2246	21.06	1123	0	810	313	2.59
SCAF_310	23011	1022	44.41	511	0	153	358	0.43
SCAF_311	22999	74	3.22	37	0	26	11	2.36
SCAF_312	22896	1106	48.31	553	0	156	397	0.39
SCAF_313	22877	582	25.44	291	0	223	68	3.28
SCAF_314	22871	8	0.35	4	0	2	2	1.00
SCAF_315	22844	676	29.59	338	0	223	115	1.94
SCAF_316	22844	148	6.48	74	0	29	45	0.64
SCAF_317	22833	838	36.70	419	0	190	229	0.83
SCAF_318	22713	604	26.59	302	0	186	116	1.60
SCAF_319	22685	306	13.49	153	0	96	57	1.68
SCAF_32	102192	2608	25.52	1304	0	974	330	2.95
SCAF_320	22653	400	17.66	200	0	120	80	1.50
SCAF_321	22554	892	39.55	446	0	170	276	0.62
SCAF_322	22539	864	38.33	432	0	110	322	0.34
SCAF_323	22525	604	26.81	302	0	230	72	3.19
SCAF_324	22489	946	42.07	473	0	345	128	2.70
SCAF_325	22468	930	41.39	465	0	323	142	2.27
SCAF_326	22392	0	0.00	0	0	0	0	0
SCAF_327	22337	358	16.03	179	0	103	76	1.36
SCAF_328	22280	4	0.18	2	0	1	1	1.00
SCAF_329	22245	532	23.92	266	0	187	79	2.37
SCAF_33	98221	5064	51.56	2532	0	1672	860	1.94
SCAF_330	22040	434	19.69	217	0	128	89	1.44
SCAF_331	22029	90	4.09	45	0	15	30	0.50
SCAF_332	21923	916	41.78	458	0	188	270	0.70
SCAF_333	21867	642	29.36	321	0	242	79	3.06
SCAF_334	21813	780	35.76	390	0	153	237	0.65
SCAF_335	21800	688	31.56	344	0	223	121	1.84
SCAF_336	21691	586	27.02	293	0	203	90	2.26
SCAF_337	21675	414	19.10	207	0	111	96	1.16
SCAF_338	21621	732	33.86	366	0	239	127	1.88
SCAF_339	21529	700	32.51	350	0	205	145	1.41
SCAF_34	97882	5116	52.27	2558	0	1793	765	2.34
SCAF_340	21472	654	30.46	327	0	199	128	1.55
SCAF_341	21449	710	33.10	355	0	114	241	0.47
SCAF_342	21444	542	25.28	271	0	199	72	2.76
SCAF_343	21365	184	8.61	92	0	45	47	0.96
SCAF_344	21355	316	14.80	158	0	103	55	1.87
SCAF_345	21334	858	40.22	429	0	171	258	0.66
SCAF_346	21294	0	0.00	0	0	0	0	0
SCAF_347	21288	76	3.57	38	0	21	17	1.24
SCAF_348	21209	246	11.60	123	0	95	28	3.39
SCAF_349	21199	106	5.00	53	0	28	25	1.12
SCAF_35	95705	4030	42.11	2015	0	1170	845	1.38
SCAF_350	21189	372	17.56	186	0	109	77	1.42
SCAF_351	21106	844	39.99	422	0	264	158	1.67
SCAF_352	21098	430	20.38	215	0	155	60	2.58
SCAF_353	21078	196	9.30	98	0	70	28	2.50
SCAF_354	20991	918	43.73	459	0	323	136	2.38
SCAF_355	20981	228	10.87	114	0	73	41	1.78
SCAF_356	20980	942	44.90	471	0	180	291	0.62
SCAF_357	20976	248	11.82	124	0	84	40	2.10
SCAF_358	20871	312	14.95	156	0	89	67	1.33
SCAF_359	20831	612	29.38	306	0	211	95	2.22
SCAF_36	94431	2780	29.44	1390	0	1047	343	3.05
SCAF_360	20777	464	22.33	232	0	152	80	1.90
SCAF_361	20737	712	34.33	356	0	219	137	1.60
SCAF_362	20702	1118	54.00	559	0	323	236	1.37
SCAF_363	20586	94	4.57	47	0	36	11	3.27
SCAF_364	20574	666	32.37	333	0	241	92	2.62
SCAF_365	20553	172	8.37	86	0	53	33	1.61
SCAF_366	20522	568	27.68	284	0	199	85	2.34
SCAF_367	20517	716	34.90	358	0	261	97	2.69
SCAF_368	20452	314	15.35	157	0	113	44	2.57
SCAF_369	20438	916	44.82	458	0	323	135	2.39
SCAF_37	92851	3532	38.04	1766	0	1275	491	2.60
SCAF_370	20350	752	36.95	376	0	233	143	1.63
SCAF_371	20349	612	30.08	306	0	191	115	1.66
SCAF_372	20285	340	16.76	170	0	138	32	4.31
SCAF_373	20282	548	27.02	274	0	186	88	2.11
SCAF_374	20282	16	0.79	8	0	6	2	3.00
SCAF_375	20179	400	19.82	200	0	112	88	1.27
SCAF_376	20174	1000	49.57	500	0	173	327	0.53
SCAF_377	20160	846	41.96	423	0	121	302	0.40
SCAF_378	20157	0	0.00	0	0	0	0	0
SCAF_379	20150	364	18.06	182	0	107	75	1.43
SCAF_38	89142	3790	42.52	1895	0	1281	614	2.09
SCAF_380	20140	464	23.04	232	0	153	79	1.94
SCAF_381	20082	422	21.01	211	0	86	125	0.69
SCAF_382	20068	978	48.73	489	0	341	148	2.30
SCAF_383	20052	972	48.47	486	0	342	144	2.38
SCAF_384	20039	572	28.54	286	0	174	112	1.55
SCAF_385	20036	1044	52.11	522	0	369	153	2.41
SCAF_386	20004	796	39.79	398	0	136	262	0.52
SCAF_387	19967	652	32.65	326	0	149	177	0.84
SCAF_388	19953	1016	50.92	508	0	351	157	2.24
SCAF_389	19874	242	12.18	121	0	69	52	1.33
SCAF_39	88257	4230	47.93	2115	0	1361	754	1.81
SCAF_390	19870	10	0.50	5	0	2	3	0.67
SCAF_391	19819	210	10.60	105	0	38	67	0.57
SCAF_392	19814	322	16.25	161	0	78	83	0.94
SCAF_393	19805	134	6.77	67	0	48	19	2.53
SCAF_394	19796	824	41.62	412	0	97	315	0.31
SCAF_395	19788	14	0.71	7	0	3	4	0.75
SCAF_396	19769	556	28.12	278	0	103	175	0.59
SCAF_397	19737	872	44.18	436	0	316	120	2.63
SCAF_398	19694	1024	52.00	512	0	282	230	1.23
SCAF_399	19627	550	28.02	275	0	72	203	0.35
SCAF_4	2601389	0	0.00	0	0	0	0	0
SCAF_40	85354	3658	42.86	1829	0	1335	494	2.70
SCAF_400	19559	462	23.62	231	0	133	98	1.36
SCAF_401	19529	650	33.28	325	0	210	115	1.83
SCAF_402	19485	776	39.83	388	0	271	117	2.32
SCAF_403	19440	606	31.17	303	0	224	79	2.84
SCAF_404	19429	452	23.26	226	0	136	90	1.51
SCAF_405	19412	620	31.94	310	0	217	93	2.33
SCAF_406	19412	438	22.56	219	0	129	90	1.43
SCAF_407	19392	524	27.02	262	0	155	107	1.45
SCAF_408	19383	90	4.64	45	0	33	12	2.75
SCAF_409	19350	1076	55.61	538	0	410	128	3.20
SCAF_41	82239	3138	38.16	1569	0	1163	406	2.86
SCAF_410	19334	534	27.62	267	0	104	163	0.64
SCAF_411	19319	70	3.62	35	0	20	15	1.33
SCAF_412	19298	942	48.81	471	0	359	112	3.21
SCAF_413	19281	920	47.72	460	0	282	178	1.58
SCAF_414	19250	506	26.29	253	0	187	66	2.83
SCAF_415	19240	858	44.59	429	0	282	147	1.92
SCAF_416	19198	374	19.48	187	0	129	58	2.22
SCAF_417	19156	78	4.07	39	0	16	23	0.70
SCAF_418	19069	0	0.00	0	0	0	0	0
SCAF_419	19061	280	14.69	140	0	84	56	1.50
SCAF_42	77162	2650	34.34	1325	0	949	376	2.52
SCAF_420	19040	76	3.99	38	0	22	16	1.38
SCAF_421	19012	862	45.34	431	0	132	299	0.44
SCAF_422	18950	148	7.81	74	0	56	18	3.11
SCAF_423	18945	628	33.15	314	0	96	218	0.44
SCAF_424	18943	460	24.28	230	0	150	80	1.88
SCAF_425	18932	886	46.80	443	0	265	178	1.49
SCAF_426	18882	336	17.79	168	0	108	60	1.80
SCAF_427	18874	440	23.31	220	0	137	83	1.65
SCAF_428	18866	838	44.42	419	0	298	121	2.46
SCAF_429	18866	324	17.17	162	0	112	50	2.24
SCAF_43	76714	3798	49.51	1899	0	1347	552	2.44
SCAF_430	18815	688	36.57	344	0	133	211	0.63
SCAF_431	18805	824	43.82	412	0	272	140	1.94
SCAF_432	18790	1062	56.52	531	0	390	141	2.77
SCAF_433	18773	548	29.19	274	0	200	74	2.70
SCAF_434	18766	366	19.50	183	0	138	45	3.07
SCAF_435	18753	334	17.81	167	0	117	50	2.34
SCAF_436	18746	102	5.44	51	0	39	12	3.25
SCAF_437	18721	574	30.66	287	0	45	242	0.19
SCAF_438	18669	432	23.14	216	0	143	73	1.96
SCAF_439	18588	450	24.21	225	0	173	52	3.33
SCAF_44	76272	2344	30.73	1172	0	877	295	2.97
SCAF_440	18561	736	39.65	368	0	214	154	1.39
SCAF_441	18530	604	32.60	302	0	239	63	3.79
SCAF_442	18489	850	45.97	425	0	318	107	2.97
SCAF_443	18479	298	16.13	149	0	88	61	1.44
SCAF_444	18424	366	19.87	183	0	131	52	2.52
SCAF_445	18396	834	45.34	417	0	134	283	0.47
SCAF_446	18392	338	18.38	169	0	116	53	2.19
SCAF_447	18255	488	26.73	244	0	153	91	1.68
SCAF_448	18252	930	50.95	465	0	336	129	2.60
SCAF_449	18248	672	36.83	336	0	99	237	0.42
SCAF_45	73110	2368	32.39	1184	0	198	986	0.20
SCAF_450	18208	728	39.98	364	0	270	94	2.87
SCAF_451	18202	496	27.25	248	0	147	101	1.46
SCAF_452	18192	324	17.81	162	0	114	48	2.38
SCAF_453	18150	530	29.20	265	0	192	73	2.63
SCAF_454	18134	84	4.63	42	0	27	15	1.80
SCAF_455	18114	30	1.66	15	0	6	9	0.67
SCAF_456	18112	646	35.67	323	0	233	90	2.59
SCAF_457	18054	848	46.97	424	0	275	149	1.85
SCAF_458	18006	802	44.54	401	0	119	282	0.42
SCAF_459	18000	90	5.00	45	0	27	18	1.50
SCAF_46	72118	3632	50.36	1816	0	1287	529	2.43
SCAF_460	17967	606	33.73	303	0	218	85	2.56
SCAF_461	17943	740	41.24	370	0	238	132	1.80
SCAF_462	17929	492	27.44	246	0	187	59	3.17
SCAF_463	17921	58	3.24	29	0	14	15	0.93
SCAF_464	17913	846	47.23	423	0	140	283	0.49
SCAF_465	17912	406	22.67	203	0	79	124	0.64
SCAF_466	17886	308	17.22	154	0	98	56	1.75
SCAF_467	17859	240	13.44	120	0	89	31	2.87
SCAF_468	17837	276	15.47	138	0	102	36	2.83
SCAF_469	17802	90	5.06	45	0	29	16	1.81
SCAF_47	70166	2938	41.87	1469	0	971	498	1.95
SCAF_470	17776	322	18.11	161	0	106	55	1.93
SCAF_471	17682	552	31.22	276	0	202	74	2.73
SCAF_472	17646	760	43.07	380	0	273	107	2.55
SCAF_473	17646	380	21.53	190	0	140	50	2.80
SCAF_474	17642	6	0.34	3	0	0	3	0.00
SCAF_475	17613	50	2.84	25	0	18	7	2.57
SCAF_476	17602	538	30.56	269	0	159	110	1.45
SCAF_477	17571	70	3.98	35	0	23	12	1.92
SCAF_478	17535	512	29.20	256	0	115	141	0.82
SCAF_479	17528	636	36.28	318	0	175	143	1.22
SCAF_48	69627	3854	55.35	1927	0	1325	602	2.20
SCAF_480	17503	472	26.97	236	0	78	158	0.49
SCAF_481	17502	730	41.71	365	0	246	119	2.07
SCAF_482	17480	176	10.07	88	0	42	46	0.91
SCAF_483	17476	758	43.37	379	0	253	126	2.01
SCAF_484	17457	506	28.99	253	0	190	63	3.02
SCAF_485	17386	712	40.95	356	0	110	246	0.45
SCAF_486	17362	736	42.39	368	0	144	224	0.64
SCAF_487	17332	412	23.77	206	0	65	141	0.46
SCAF_488	17327	812	46.86	406	0	160	246	0.65
SCAF_489	17303	596	34.44	298	0	89	209	0.43
SCAF_49	69624	1648	23.67	824	0	558	266	2.10
SCAF_490	17273	782	45.27	391	0	106	285	0.37
SCAF_491	17245	866	50.22	433	0	294	139	2.12
SCAF_492	17239	554	32.14	277	0	43	234	0.18
SCAF_493	17219	830	48.20	415	0	124	291	0.43
SCAF_494	17218	510	29.62	255	0	109	146	0.75
SCAF_495	17211	842	48.92	421	0	260	161	1.61
SCAF_496	17198	512	29.77	256	0	58	198	0.29
SCAF_497	17190	52	3.03	26	0	18	8	2.25
SCAF_498	17162	472	27.50	236	0	159	77	2.06
SCAF_499	17147	430	25.08	215	0	65	150	0.43
SCAF_5	2032088	0	0.00	0	0	0	0	0
SCAF_50	68258	3602	52.77	1801	0	1209	592	2.04
SCAF_500	17144	406	23.68	203	0	139	64	2.17
SCAF_501	17142	254	14.82	127	0	89	38	2.34
SCAF_502	17124	504	29.43	252	0	171	81	2.11
SCAF_503	17118	0	0.00	0	0	0	0	0
SCAF_504	17076	292	17.10	146	0	110	36	3.06
SCAF_505	17047	0	0.00	0	0	0	0	0
SCAF_506	17043	458	26.87	229	0	169	60	2.82
SCAF_507	17035	560	32.87	280	0	197	83	2.37
SCAF_508	17021	488	28.67	244	0	167	77	2.17
SCAF_509	16971	684	40.30	342	0	113	229	0.49
SCAF_51	66966	2156	32.20	1078	0	837	241	3.47
SCAF_510	16897	760	44.98	380	0	237	143	1.66
SCAF_511	16849	502	29.79	251	0	114	137	0.83
SCAF_512	16807	644	38.32	322	0	163	159	1.03
SCAF_513	16787	80	4.77	40	0	23	17	1.35
SCAF_514	16784	692	41.23	346	0	92	254	0.36
SCAF_515	16776	730	43.51	365	0	125	240	0.52
SCAF_516	16745	112	6.69	56	0	30	26	1.15
SCAF_517	16741	478	28.55	239	0	74	165	0.45
SCAF_518	16733	660	39.44	330	0	211	119	1.77
SCAF_519	16710	596	35.67	298	0	161	137	1.18
SCAF_52	66855	1882	28.15	941	0	621	320	1.94
SCAF_520	16702	10	0.60	5	0	4	1	4.00
SCAF_521	16701	478	28.62	239	0	102	137	0.74
SCAF_522	16645	690	41.45	345	0	235	110	2.14
SCAF_523	16623	670	40.31	335	0	146	189	0.77
SCAF_524	16568	216	13.04	108	0	60	48	1.25
SCAF_525	16548	460	27.80	230	0	163	67	2.43
SCAF_526	16541	560	33.86	280	0	51	229	0.22
SCAF_527	16518	2	0.12	1	0	0	1	0.00
SCAF_528	16510	518	31.37	259	0	71	188	0.38
SCAF_529	16492	650	39.41	325	0	239	86	2.78
SCAF_53	65552	2246	34.26	1123	0	761	362	2.10
SCAF_530	16462	138	8.38	69	0	49	20	2.45
SCAF_531	16461	18	1.09	9	0	5	4	1.25
SCAF_532	16447	576	35.02	288	0	178	110	1.62
SCAF_533	16383	628	38.33	314	0	220	94	2.34
SCAF_534	16345	384	23.49	192	0	100	92	1.09
SCAF_535	16343	276	16.89	138	0	78	60	1.30
SCAF_536	16333	394	24.12	197	0	141	56	2.52
SCAF_537	16287	490	30.09	245	0	155	90	1.72
SCAF_538	16266	256	15.74	128	0	42	86	0.49
SCAF_539	16246	68	4.19	34	0	20	14	1.43
SCAF_54	65267	1486	22.77	743	0	579	164	3.53
SCAF_540	16245	434	26.72	217	0	132	85	1.55
SCAF_541	16215	476	29.36	238	0	161	77	2.09
SCAF_542	16208	406	25.05	203	0	123	80	1.54
SCAF_543	16160	398	24.63	199	0	76	123	0.62
SCAF_544	16140	56	3.47	28	0	17	11	1.55
SCAF_545	16102	750	46.58	375	0	269	106	2.54
SCAF_546	16083	798	49.62	399	0	142	257	0.55
SCAF_547	16037	840	52.38	420	0	317	103	3.08
SCAF_548	16034	628	39.17	314	0	187	127	1.47
SCAF_549	16030	472	29.44	236	0	145	91	1.59
SCAF_55	65114	2966	45.55	1483	0	1054	429	2.46
SCAF_550	16027	420	26.21	210	0	155	55	2.82
SCAF_551	15990	378	23.64	189	0	120	69	1.74
SCAF_552	15913	862	54.17	431	0	315	116	2.72
SCAF_553	15906	326	20.50	163	0	130	33	3.94
SCAF_554	15898	630	39.63	315	0	114	201	0.57
SCAF_555	15891	306	19.26	153	0	60	93	0.65
SCAF_556	15885	560	35.25	280	0	116	164	0.71
SCAF_557	15855	778	49.07	389	0	269	120	2.24
SCAF_558	15839	752	47.48	376	0	273	103	2.65
SCAF_559	15827	810	51.18	405	0	140	265	0.53
SCAF_56	62812	2030	32.32	1015	0	683	332	2.06
SCAF_560	15823	456	28.82	228	0	156	72	2.17
SCAF_561	15791	730	46.23	365	0	101	264	0.38
SCAF_562	15777	0	0.00	0	0	0	0	0
SCAF_563	15776	444	28.14	222	0	157	65	2.42
SCAF_564	15761	608	38.58	304	0	56	248	0.23
SCAF_565	15717	452	28.76	226	0	63	163	0.39
SCAF_566	15706	64	4.07	32	0	23	9	2.56
SCAF_567	15696	674	42.94	337	0	123	214	0.57
SCAF_568	15657	612	39.09	306	0	86	220	0.39
SCAF_569	15650	114	7.28	57	0	41	16	2.56
SCAF_57	62187	1852	29.78	926	0	667	259	2.58
SCAF_570	15646	316	20.20	158	0	109	49	2.22
SCAF_571	15619	36	2.30	18	0	8	10	0.80
SCAF_572	15612	436	27.93	218	0	151	67	2.25
SCAF_573	15605	742	47.55	371	0	251	120	2.09
SCAF_574	15575	544	34.93	272	0	199	73	2.73
SCAF_575	15573	334	21.45	167	0	98	69	1.42
SCAF_576	15571	530	34.04	265	0	166	99	1.68
SCAF_577	15544	206	13.25	103	0	48	55	0.87
SCAF_578	15521	82	5.28	41	0	29	12	2.42
SCAF_579	15497	420	27.10	210	0	128	82	1.56
SCAF_58	61544	2508	40.75	1254	0	478	776	0.62
SCAF_580	15481	302	19.51	151	0	59	92	0.64
SCAF_581	15458	584	37.78	292	0	212	80	2.65
SCAF_582	15439	442	28.63	221	0	128	93	1.38
SCAF_583	15421	900	58.36	450	0	369	81	4.56
SCAF_584	15337	596	38.86	298	0	218	80	2.73
SCAF_585	15336	628	40.95	314	0	193	121	1.60
SCAF_586	15301	606	39.61	303	0	167	136	1.23
SCAF_587	15300	142	9.28	71	0	50	21	2.38
SCAF_588	15298	440	28.76	220	0	78	142	0.55
SCAF_589	15238	662	43.44	331	0	244	87	2.80
SCAF_59	61533	1752	28.47	876	0	661	215	3.07
SCAF_590	15205	530	34.86	265	0	158	107	1.48
SCAF_591	15162	376	24.80	188	0	131	57	2.30
SCAF_592	15154	538	35.50	269	0	137	132	1.04
SCAF_593	15087	488	32.35	244	0	83	161	0.52
SCAF_594	15082	564	37.40	282	0	194	88	2.20
SCAF_595	15055	794	52.74	397	0	236	161	1.47
SCAF_596	15045	88	5.85	44	0	25	19	1.32
SCAF_597	15030	500	33.27	250	0	53	197	0.27
SCAF_598	15027	378	25.15	189	0	129	60	2.15
SCAF_599	15000	612	40.80	306	0	222	84	2.64
SCAF_6	1976889	0	0.00	0	0	0	0	0
SCAF_60	61411	1146	18.66	573	0	416	157	2.65
SCAF_600	14995	334	22.27	167	0	116	51	2.27
SCAF_601	14985	558	37.24	279	0	177	102	1.74
SCAF_602	14930	494	33.09	247	0	67	180	0.37
SCAF_603	14898	406	27.25	203	0	80	123	0.65
SCAF_604	14863	462	31.08	231	0	99	132	0.75
SCAF_605	14840	432	29.11	216	0	141	75	1.88
SCAF_606	14808	22	1.49	11	0	6	5	1.20
SCAF_607	14807	726	49.03	363	0	270	93	2.90
SCAF_608	14785	698	47.21	349	0	266	83	3.20
SCAF_609	14742	18	1.22	9	0	5	4	1.25
SCAF_61	61115	2824	46.21	1412	0	1079	333	3.24
SCAF_610	14738	526	35.69	263	0	149	114	1.31
SCAF_611	14737	270	18.32	135	0	101	34	2.97
SCAF_612	14712	0	0.00	0	0	0	0	0
SCAF_613	14708	380	25.84	190	0	147	43	3.42
SCAF_614	14694	428	29.13	214	0	160	54	2.96
SCAF_615	14684	96	6.54	48	0	14	34	0.41
SCAF_616	14676	8	0.55	4	0	3	1	3.00
SCAF_617	14662	266	18.14	133	0	105	28	3.75
SCAF_618	14658	570	38.89	285	0	114	171	0.67
SCAF_619	14650	338	23.07	169	0	116	53	2.19
SCAF_62	59972	1228	20.48	614	0	422	192	2.20
SCAF_620	14639	508	34.70	254	0	180	74	2.43
SCAF_621	14614	542	37.09	271	0	104	167	0.62
SCAF_622	14596	396	27.13	198	0	158	40	3.95
SCAF_623	14590	856	58.67	428	0	314	114	2.75
SCAF_624	14581	24	1.65	12	0	7	5	1.40
SCAF_625	14547	416	28.60	208	0	151	57	2.65
SCAF_626	14527	408	28.09	204	0	119	85	1.40
SCAF_627	14523	390	26.85	195	0	70	125	0.56
SCAF_628	14498	328	22.62	164	0	90	74	1.22
SCAF_629	14453	654	45.25	327	0	208	119	1.75
SCAF_63	59743	2238	37.46	1119	0	691	428	1.61
SCAF_630	14414	312	21.65	156	0	102	54	1.89
SCAF_631	14395	296	20.56	148	0	77	71	1.08
SCAF_632	14385	454	31.56	227	0	40	187	0.21
SCAF_633	14371	296	20.60	148	0	106	42	2.52
SCAF_634	14371	486	33.82	243	0	153	90	1.70
SCAF_635	14280	644	45.10	322	0	219	103	2.13
SCAF_636	14276	430	30.12	215	0	93	122	0.76
SCAF_637	14236	352	24.73	176	0	114	62	1.84
SCAF_638	14229	616	43.29	308	0	118	190	0.62
SCAF_639	14202	38	2.68	19	0	10	9	1.11
SCAF_64	58841	960	16.32	480	0	350	130	2.69
SCAF_640	14111	574	40.68	287	0	186	101	1.84
SCAF_641	14088	590	41.88	295	0	101	194	0.52
SCAF_642	14005	624	44.56	312	0	93	219	0.42
SCAF_643	13977	4	0.29	2	0	0	2	0.00
SCAF_644	13890	478	34.41	239	0	192	47	4.09
SCAF_645	13875	726	52.32	363	0	113	250	0.45
SCAF_646	13874	544	39.21	272	0	185	87	2.13
SCAF_647	13848	342	24.70	171	0	55	116	0.47
SCAF_648	13847	420	30.33	210	0	117	93	1.26
SCAF_649	13838	620	44.80	310	0	182	128	1.42
SCAF_65	58838	2394	40.69	1197	0	842	355	2.37
SCAF_650	13812	650	47.06	325	0	220	105	2.10
SCAF_651	13758	358	26.02	179	0	131	48	2.73
SCAF_652	13727	276	20.11	138	0	73	65	1.12
SCAF_653	13703	290	21.16	145	0	85	60	1.42
SCAF_654	13701	64	4.67	32	0	23	9	2.56
SCAF_655	13677	618	45.19	309	0	223	86	2.59
SCAF_656	13622	552	40.52	276	0	98	178	0.55
SCAF_657	13584	116	8.54	58	0	34	24	1.42
SCAF_658	13583	610	44.91	305	0	126	179	0.70
SCAF_659	13535	660	48.76	330	0	102	228	0.45
SCAF_66	58483	1408	24.08	704	0	500	204	2.45
SCAF_660	13535	58	4.29	29	0	15	14	1.07
SCAF_661	13499	666	49.34	333	0	179	154	1.16
SCAF_662	13464	128	9.51	64	0	46	18	2.56
SCAF_663	13438	336	25.00	168	0	134	34	3.94
SCAF_664	13385	0	0.00	0	0	0	0	0
SCAF_665	13357	148	11.08	74	0	59	15	3.93
SCAF_666	13330	374	28.06	187	0	60	127	0.47
SCAF_667	13327	454	34.07	227	0	156	71	2.20
SCAF_668	13319	254	19.07	127	0	81	46	1.76
SCAF_669	13303	378	28.41	189	0	115	74	1.55
SCAF_67	57162	1664	29.11	832	0	642	190	3.38
SCAF_670	13293	710	53.41	355	0	92	263	0.35
SCAF_671	13288	532	40.04	266	0	198	68	2.91
SCAF_672	13266	222	16.73	111	0	40	71	0.56
SCAF_673	13189	140	10.61	70	0	52	18	2.89
SCAF_674	13149	432	32.85	216	0	140	76	1.84
SCAF_675	13128	382	29.10	191	0	127	64	1.98
SCAF_676	13120	186	14.18	93	0	63	30	2.10
SCAF_677	13080	412	31.50	206	0	134	72	1.86
SCAF_678	13050	96	7.36	48	0	22	26	0.85
SCAF_679	13043	410	31.43	205	0	139	66	2.11
SCAF_68	56404	1356	24.04	678	0	544	134	4.06
SCAF_680	13008	616	47.36	308	0	205	103	1.99
SCAF_681	13001	126	9.69	63	0	37	26	1.42
SCAF_682	12997	640	49.24	320	0	222	98	2.27
SCAF_683	12986	210	16.17	105	0	25	80	0.31
SCAF_684	12871	348	27.04	174	0	126	48	2.62
SCAF_685	12842	564	43.92	282	0	125	157	0.80
SCAF_686	12830	540	42.09	270	0	184	86	2.14
SCAF_687	12781	366	28.64	183	0	57	126	0.45
SCAF_688	12768	556	43.55	278	0	193	85	2.27
SCAF_689	12768	496	38.85	248	0	74	174	0.43
SCAF_69	55942	2434	43.51	1217	0	481	736	0.65
SCAF_690	12764	248	19.43	124	0	68	56	1.21
SCAF_691	12677	630	49.70	315	0	231	84	2.75
SCAF_692	12675	50	3.94	25	0	20	5	4.00
SCAF_693	12651	244	19.29	122	0	86	36	2.39
SCAF_694	12646	44	3.48	22	0	19	3	6.33
SCAF_695	12643	370	29.27	185	0	133	52	2.56
SCAF_696	12633	420	33.25	210	0	142	68	2.09
SCAF_697	12625	336	26.61	168	0	59	109	0.54
SCAF_698	12617	550	43.59	275	0	186	89	2.09
SCAF_699	12540	344	27.43	172	0	122	50	2.44
SCAF_7	1932263	0	0.00	0	0	0	0	0
SCAF_70	55722	3108	55.78	1554	0	1090	464	2.35
SCAF_700	12515	20	1.60	10	0	5	5	1.00
SCAF_701	12482	34	2.72	17	0	9	8	1.12
SCAF_702	12461	250	20.06	125	0	91	34	2.68
SCAF_703	12456	560	44.96	280	0	222	58	3.83
SCAF_704	12456	54	4.34	27	0	16	11	1.45
SCAF_705	12358	274	22.17	137	0	100	37	2.70
SCAF_706	12350	588	47.61	294	0	191	103	1.85
SCAF_707	12343	576	46.67	288	0	208	80	2.60
SCAF_708	12333	12	0.97	6	0	3	3	1.00
SCAF_709	12319	0	0.00	0	0	0	0	0
SCAF_71	55604	2966	53.34	1483	0	1053	430	2.45
SCAF_710	12288	484	39.39	242	0	182	60	3.03
SCAF_711	12252	604	49.30	302	0	220	82	2.68
SCAF_712	12218	210	17.19	105	0	61	44	1.39
SCAF_713	12177	582	47.80	291	0	216	75	2.88
SCAF_714	12167	664	54.57	332	0	247	85	2.91
SCAF_715	12163	56	4.60	28	0	9	19	0.47
SCAF_716	12143	260	21.41	130	0	38	92	0.41
SCAF_717	12102	112	9.25	56	0	32	24	1.33
SCAF_718	12099	522	43.14	261	0	117	144	0.81
SCAF_719	12095	560	46.30	280	0	197	83	2.37
SCAF_72	54709	1084	19.81	542	0	106	436	0.24
SCAF_720	12085	320	26.48	160	0	96	64	1.50
SCAF_721	12078	328	27.16	164	0	135	29	4.66
SCAF_722	12066	552	45.75	276	0	236	40	5.90
SCAF_723	12015	460	38.29	230	0	78	152	0.51
SCAF_724	12004	350	29.16	175	0	91	84	1.08
SCAF_725	11949	576	48.20	288	0	166	122	1.36
SCAF_726	11911	260	21.83	130	0	87	43	2.02
SCAF_727	11900	98	8.24	49	0	23	26	0.88
SCAF_728	11869	324	27.30	162	0	115	47	2.45
SCAF_729	11788	692	58.70	346	0	230	116	1.98
SCAF_73	52157	792	15.18	396	0	91	305	0.30
SCAF_730	11785	538	45.65	269	0	180	89	2.02
SCAF_731	11750	508	43.23	254	0	61	193	0.32
SCAF_732	11699	484	41.37	242	0	179	63	2.84
SCAF_733	11674	96	8.22	48	0	28	20	1.40
SCAF_734	11658	324	27.79	162	0	89	73	1.22
SCAF_735	11648	562	48.25	281	0	195	86	2.27
SCAF_736	11642	316	27.14	158	0	45	113	0.40
SCAF_737	11612	26	2.24	13	0	8	5	1.60
SCAF_738	11595	14	1.21	7	0	6	1	6.00
SCAF_739	11525	410	35.57	205	0	124	81	1.53
SCAF_74	52077	2648	50.85	1324	0	837	487	1.72
SCAF_740	11505	394	34.25	197	0	54	143	0.38
SCAF_741	11492	128	11.14	64	0	24	40	0.60
SCAF_742	11467	8	0.70	4	0	0	4	0.00
SCAF_743	11404	16	1.40	8	0	6	2	3.00
SCAF_744	11377	230	20.22	115	0	67	48	1.40
SCAF_745	11364	322	28.34	161	0	51	110	0.46
SCAF_746	11318	440	38.88	220	0	128	92	1.39
SCAF_747	11311	674	59.59	337	0	222	115	1.93
SCAF_748	11306	368	32.55	184	0	148	36	4.11
SCAF_749	11299	462	40.89	231	0	176	55	3.20
SCAF_75	51185	1896	37.04	948	0	597	351	1.70
SCAF_750	11284	442	39.17	221	0	144	77	1.87
SCAF_751	11276	498	44.16	249	0	170	79	2.15
SCAF_752	11267	534	47.40	267	0	198	69	2.87
SCAF_753	11254	230	20.44	115	0	72	43	1.67
SCAF_754	11236	408	36.31	204	0	102	102	1.00
SCAF_755	11231	266	23.68	133	0	36	97	0.37
SCAF_756	11200	244	21.79	122	0	77	45	1.71
SCAF_757	11195	402	35.91	201	0	88	113	0.78
SCAF_758	11126	380	34.15	190	0	154	36	4.28
SCAF_759	11118	544	48.93	272	0	77	195	0.39
SCAF_76	50428	18	0.36	9	0	5	4	1.25
SCAF_760	11100	366	32.97	183	0	133	50	2.66
SCAF_761	11097	360	32.44	180	0	142	38	3.74
SCAF_762	11029	160	14.51	80	0	59	21	2.81
SCAF_763	11019	86	7.80	43	0	29	14	2.07
SCAF_764	10979	202	18.40	101	0	62	39	1.59
SCAF_765	10957	22	2.01	11	0	6	5	1.20
SCAF_766	10940	348	31.81	174	0	95	79	1.20
SCAF_767	10913	418	38.30	209	0	167	42	3.98
SCAF_768	10886	110	10.10	55	0	34	21	1.62
SCAF_769	10867	158	14.54	79	0	28	51	0.55
SCAF_77	50384	340	6.75	170	0	111	59	1.88
SCAF_770	10816	58	5.36	29	0	20	9	2.22
SCAF_771	10810	102	9.44	51	0	15	36	0.42
SCAF_772	10709	318	29.69	159	0	102	57	1.79
SCAF_773	10688	242	22.64	121	0	82	39	2.10
SCAF_774	10648	250	23.48	125	0	78	47	1.66
SCAF_775	10642	30	2.82	15	0	11	4	2.75
SCAF_776	10612	172	16.21	86	0	47	39	1.21
SCAF_777	10608	264	24.89	132	0	88	44	2.00
SCAF_778	10604	264	24.90	132	0	52	80	0.65
SCAF_779	10578	192	18.15	96	0	30	66	0.45
SCAF_78	49366	2718	55.06	1359	0	842	517	1.63
SCAF_780	10571	54	5.11	27	0	9	18	0.50
SCAF_781	10511	530	50.42	265	0	207	58	3.57
SCAF_782	10492	50	4.77	25	0	17	8	2.12
SCAF_783	10421	428	41.07	214	0	77	137	0.56
SCAF_784	10379	196	18.88	98	0	65	33	1.97
SCAF_785	10337	284	27.47	142	0	86	56	1.54
SCAF_786	10326	414	40.09	207	0	137	70	1.96
SCAF_787	10326	268	25.95	134	0	93	41	2.27
SCAF_788	10316	46	4.46	23	0	10	13	0.77
SCAF_789	10256	0	0.00	0	0	0	0	0
SCAF_79	49160	1164	23.68	582	0	413	169	2.44
SCAF_790	10228	296	28.94	148	0	104	44	2.36
SCAF_791	10185	488	47.91	244	0	69	175	0.39
SCAF_792	10184	420	41.24	210	0	130	80	1.62
SCAF_793	10160	134	13.19	67	0	41	26	1.58
SCAF_794	10147	54	5.32	27	0	13	14	0.93
SCAF_795	10110	128	12.66	64	0	52	12	4.33
SCAF_796	10045	36	3.58	18	0	10	8	1.25
SCAF_797	10015	150	14.98	75	0	47	28	1.68
SCAF_798	10012	416	41.55	208	0	70	138	0.51
SCAF_799	9978	74	7.42	37	0	24	13	1.85
SCAF_8	1669080	0	0.00	0	0	0	0	0
SCAF_80	48966	2646	54.04	1323	0	858	465	1.85
SCAF_800	9947	236	23.73	118	0	86	32	2.69
SCAF_801	9941	344	34.60	172	0	67	105	0.64
SCAF_802	9910	18	1.82	9	0	4	5	0.80
SCAF_803	9879	292	29.56	146	0	74	72	1.03
SCAF_804	9861	310	31.44	155	0	130	25	5.20
SCAF_805	9859	78	7.91	39	0	20	19	1.05
SCAF_806	9855	408	41.40	204	0	77	127	0.61
SCAF_807	9792	198	20.22	99	0	31	68	0.46
SCAF_808	9784	294	30.05	147	0	52	95	0.55
SCAF_809	9773	336	34.38	168	0	131	37	3.54
SCAF_81	48848	824	16.87	412	0	242	170	1.42
SCAF_810	9756	92	9.43	46	0	24	22	1.09
SCAF_811	9753	192	19.69	96	0	61	35	1.74
SCAF_812	9719	94	9.67	47	0	31	16	1.94
SCAF_813	9715	178	18.32	89	0	63	26	2.42
SCAF_814	9708	414	42.65	207	0	154	53	2.91
SCAF_815	9700	184	18.97	92	0	55	37	1.49
SCAF_816	9673	310	32.05	155	0	94	61	1.54
SCAF_817	9638	270	28.01	135	0	31	104	0.30
SCAF_818	9601	248	25.83	124	0	62	62	1.00
SCAF_819	9601	184	19.16	92	0	33	59	0.56
SCAF_82	48542	1386	28.55	693	0	518	175	2.96
SCAF_820	9550	38	3.98	19	0	12	7	1.71
SCAF_821	9533	382	40.07	191	0	106	85	1.25
SCAF_822	9498	378	39.80	189	0	123	66	1.86
SCAF_823	9466	0	0.00	0	0	0	0	0
SCAF_824	9457	80	8.46	40	0	19	21	0.90
SCAF_825	9446	286	30.28	143	0	104	39	2.67
SCAF_826	9385	358	38.15	179	0	109	70	1.56
SCAF_827	9376	240	25.60	120	0	82	38	2.16
SCAF_828	9365	328	35.02	164	0	124	40	3.10
SCAF_829	9320	182	19.53	91	0	61	30	2.03
SCAF_83	48542	1408	29.01	704	0	181	523	0.35
SCAF_830	9303	282	30.31	141	0	98	43	2.28
SCAF_831	9295	124	13.34	62	0	39	23	1.70
SCAF_832	9282	284	30.60	142	0	83	59	1.41
SCAF_833	9263	22	2.38	11	0	8	3	2.67
SCAF_834	9159	104	11.35	52	0	38	14	2.71
SCAF_835	9159	414	45.20	207	0	77	130	0.59
SCAF_836	9157	324	35.38	162	0	102	60	1.70
SCAF_837	9095	58	6.38	29	0	18	11	1.64
SCAF_838	9078	222	24.45	111	0	80	31	2.58
SCAF_839	9057	90	9.94	45	0	26	19	1.37
SCAF_84	47775	2408	50.40	1204	0	732	472	1.55
SCAF_840	9014	392	43.49	196	0	132	64	2.06
SCAF_841	8986	438	48.74	219	0	158	61	2.59
SCAF_842	8986	6	0.67	3	0	3	0	0
SCAF_843	8952	40	4.47	20	0	6	14	0.43
SCAF_844	8935	228	25.52	114	0	88	26	3.38
SCAF_845	8927	252	28.23	126	0	91	35	2.60
SCAF_846	8908	50	5.61	25	0	15	10	1.50
SCAF_847	8868	428	48.26	214	0	154	60	2.57
SCAF_848	8867	36	4.06	18	0	10	8	1.25
SCAF_849	8825	412	46.69	206	0	147	59	2.49
SCAF_85	47318	2560	54.10	1280	0	831	449	1.85
SCAF_850	8771	420	47.89	210	0	138	72	1.92
SCAF_851	8703	326	37.46	163	0	50	113	0.44
SCAF_852	8695	82	9.43	41	0	29	12	2.42
SCAF_853	8662	0	0.00	0	0	0	0	0
SCAF_854	8634	70	8.11	35	0	24	11	2.18
SCAF_855	8630	44	5.10	22	0	15	7	2.14
SCAF_856	8617	0	0.00	0	0	0	0	0
SCAF_857	8469	312	36.84	156	0	85	71	1.20
SCAF_858	8431	154	18.27	77	0	51	26	1.96
SCAF_859	8397	20	2.38	10	0	4	6	0.67
SCAF_86	46994	1870	39.79	935	0	604	331	1.82
SCAF_860	8390	184	21.93	92	0	67	25	2.68
SCAF_861	8357	110	13.16	55	0	39	16	2.44
SCAF_862	8342	330	39.56	165	0	115	50	2.30
SCAF_863	8337	26	3.12	13	0	5	8	0.62
SCAF_864	8258	210	25.43	105	0	77	28	2.75
SCAF_865	8103	340	41.96	170	0	115	55	2.09
SCAF_866	8034	124	15.43	62	0	33	29	1.14
SCAF_867	8027	200	24.92	100	0	64	36	1.78
SCAF_868	8017	286	35.67	143	0	99	44	2.25
SCAF_869	8015	200	24.95	100	0	81	19	4.26
SCAF_87	46805	2418	51.66	1209	0	854	355	2.41
SCAF_870	8015	258	32.19	129	0	34	95	0.36
SCAF_871	8000	20	2.50	10	0	7	3	2.33
SCAF_872	7790	190	24.39	95	0	60	35	1.71
SCAF_873	7773	4	0.51	2	0	1	1	1.00
SCAF_874	7763	216	27.82	108	0	80	28	2.86
SCAF_875	7721	36	4.66	18	0	14	4	3.50
SCAF_876	7701	78	10.13	39	0	22	17	1.29
SCAF_877	7680	14	1.82	7	0	4	3	1.33
SCAF_878	7622	270	35.42	135	0	92	43	2.14
SCAF_879	7582	240	31.65	120	0	92	28	3.29
SCAF_88	46738	2362	50.54	1181	0	399	782	0.51
SCAF_880	7559	216	28.58	108	0	70	38	1.84
SCAF_881	7416	136	18.34	68	0	47	21	2.24
SCAF_882	7394	252	34.08	126	0	83	43	1.93
SCAF_883	7363	194	26.35	97	0	72	25	2.88
SCAF_884	7338	300	40.88	150	0	42	108	0.39
SCAF_885	7324	52	7.10	26	0	13	13	1.00
SCAF_886	7276	50	6.87	25	0	16	9	1.78
SCAF_887	7242	148	20.44	74	0	43	31	1.39
SCAF_888	7231	398	55.04	199	0	144	55	2.62
SCAF_889	7198	10	1.39	5	0	5	0	0
SCAF_89	46547	1774	38.11	887	0	550	337	1.63
SCAF_890	7142	220	30.80	110	0	82	28	2.93
SCAF_891	7028	326	46.39	163	0	114	49	2.33
SCAF_892	7025	344	48.97	172	0	121	51	2.37
SCAF_893	7015	188	26.80	94	0	53	41	1.29
SCAF_894	6958	338	48.58	169	0	41	128	0.32
SCAF_895	6948	318	45.77	159	0	109	50	2.18
SCAF_896	6829	0	0.00	0	0	0	0	0
SCAF_897	6804	166	24.40	83	0	51	32	1.59
SCAF_898	6754	50	7.40	25	0	20	5	4.00
SCAF_899	6732	206	30.60	103	0	32	71	0.45
SCAF_9	1646134	0	0.00	0	0	0	0	0
SCAF_90	46221	1788	38.68	894	0	565	329	1.72
SCAF_900	6698	96	14.33	48	0	36	12	3.00
SCAF_901	6642	114	17.16	57	0	10	47	0.21
SCAF_902	6588	148	22.47	74	0	49	25	1.96
SCAF_903	6549	284	43.37	142	0	90	52	1.73
SCAF_904	6496	274	42.18	137	0	62	75	0.83
SCAF_905	6483	38	5.86	19	0	12	7	1.71
SCAF_906	6367	24	3.77	12	0	9	3	3.00
SCAF_907	6367	78	12.25	39	0	33	6	5.50
SCAF_908	6228	2	0.32	1	0	1	0	0
SCAF_909	6173	144	23.33	72	0	47	25	1.88
SCAF_91	44916	2346	52.23	1173	0	788	385	2.05
SCAF_910	6170	12	1.94	6	0	2	4	0.50
SCAF_911	6077	0	0.00	0	0	0	0	0
SCAF_912	6073	0	0.00	0	0	0	0	0
SCAF_913	6059	0	0.00	0	0	0	0	0
SCAF_914	6001	0	0.00	0	0	0	0	0
SCAF_915	5869	0	0.00	0	0	0	0	0
SCAF_916	5803	0	0.00	0	0	0	0	0
SCAF_917	5661	0	0.00	0	0	0	0	0
SCAF_918	5277	0	0.00	0	0	0	0	0
SCAF_92	44616	20	0.45	10	0	3	7	0.43
SCAF_93	44136	1218	27.60	609	0	410	199	2.06
SCAF_94	43913	1206	27.46	603	0	380	223	1.70
SCAF_95	43808	1352	30.86	676	0	419	257	1.63
SCAF_96	43342	1576	36.36	788	0	572	216	2.65
SCAF_97	43038	32	0.74	16	0	5	11	0.45
SCAF_98	42896	1452	33.85	726	0	526	200	2.63
SCAF_99	42178	1558	36.94	779	0	536	243	2.21
Totals	51514314	810386	15.73	405193	0	253374	151819	1.67
