Chromosome	Length	Total Variants	VarPerKb	SNP	INDEL	Ts	Tv	Ts/Tv
SCAF_1	5574741	0	0.00	0	0	0	0	0
SCAF_10	1570817	0	0.00	0	0	0	0	0
SCAF_100	41993	3274	77.97	0	1637	94	140	0.67
SCAF_101	41585	5858	140.87	0	2929	291	240	1.21
SCAF_102	41267	40	0.97	0	20	0	0	0
SCAF_103	41164	4566	110.92	0	2283	176	184	0.96
SCAF_104	40984	7690	187.63	0	3845	229	472	0.49
SCAF_105	40971	2172	53.01	0	1086	96	86	1.12
SCAF_106	40689	5104	125.44	0	2552	291	250	1.16
SCAF_107	40038	2508	62.64	0	1254	124	82	1.51
SCAF_108	39998	3130	78.25	0	1565	122	109	1.12
SCAF_109	39904	4058	101.69	0	2029	143	168	0.85
SCAF_11	1437752	363452	252.79	0	181726	20777	16260	1.28
SCAF_110	39605	3156	79.69	0	1578	171	132	1.30
SCAF_111	39279	8312	211.61	0	4156	357	534	0.67
SCAF_112	39164	134	3.42	0	67	1	0	0
SCAF_113	39049	8518	218.14	0	4259	292	621	0.47
SCAF_114	38983	3414	87.58	0	1707	140	157	0.89
SCAF_115	38824	8922	229.81	0	4461	622	225	2.76
SCAF_116	37823	2358	62.34	0	1179	108	63	1.71
SCAF_117	37728	124	3.29	0	62	0	1	0.00
SCAF_118	37705	5116	135.68	0	2558	277	252	1.10
SCAF_119	37514	4706	125.45	0	2353	255	185	1.38
SCAF_12	978195	216620	221.45	0	108310	12236	9258	1.32
SCAF_120	37456	124	3.31	0	62	0	2	0.00
SCAF_121	37441	42	1.12	0	21	0	0	0
SCAF_122	37347	3280	87.82	0	1640	126	72	1.75
SCAF_123	37222	7176	192.79	0	3588	176	468	0.38
SCAF_124	36961	2296	62.12	0	1148	93	28	3.32
SCAF_125	36710	6650	181.15	0	3325	187	382	0.49
SCAF_126	36614	3178	86.80	0	1589	92	122	0.75
SCAF_127	36584	3718	101.63	0	1859	195	125	1.56
SCAF_128	36068	5042	139.79	0	2521	264	286	0.92
SCAF_129	35972	4536	126.10	0	2268	340	230	1.48
SCAF_13	598471	68240	114.02	0	34120	2644	1629	1.62
SCAF_130	35925	4528	126.04	0	2264	274	218	1.26
SCAF_131	35704	1640	45.93	0	820	30	40	0.75
SCAF_132	35264	3412	96.76	0	1706	188	163	1.15
SCAF_133	35121	70	1.99	0	35	0	0	0
SCAF_134	35117	3392	96.59	0	1696	166	126	1.32
SCAF_135	34903	6508	186.46	0	3254	168	409	0.41
SCAF_136	34900	52	1.49	0	26	0	1	0.00
SCAF_137	34765	5816	167.29	0	2908	179	353	0.51
SCAF_138	34687	4722	136.13	0	2361	87	119	0.73
SCAF_139	34615	4194	121.16	0	2097	246	184	1.34
SCAF_14	247525	1656	6.69	0	828	11	20	0.55
SCAF_140	34599	124	3.58	0	62	0	1	0.00
SCAF_141	34497	3810	110.44	0	1905	182	105	1.73
SCAF_142	34440	70	2.03	0	35	0	0	0
SCAF_143	34384	7316	212.77	0	3658	218	528	0.41
SCAF_144	34330	6128	178.50	0	3064	164	430	0.38
SCAF_145	34087	3236	94.93	0	1618	151	131	1.15
SCAF_146	33692	3376	100.20	0	1688	208	191	1.09
SCAF_147	33483	34	1.02	0	17	0	0	0
SCAF_148	33469	2214	66.15	0	1107	87	74	1.18
SCAF_149	33420	52	1.56	0	26	0	2	0.00
SCAF_15	224905	23936	106.43	0	11968	1388	1041	1.33
SCAF_150	33347	2330	69.87	0	1165	56	72	0.78
SCAF_151	33283	4110	123.49	0	2055	97	82	1.18
SCAF_152	33266	5870	176.46	0	2935	122	379	0.32
SCAF_153	33237	3056	91.95	0	1528	104	143	0.73
SCAF_154	33139	2802	84.55	0	1401	73	81	0.90
SCAF_155	33127	20	0.60	0	10	0	0	0
SCAF_156	32748	4198	128.19	0	2099	84	99	0.85
SCAF_157	32666	4626	141.62	0	2313	145	147	0.99
SCAF_158	32618	4068	124.72	0	2034	110	175	0.63
SCAF_159	32358	1756	54.27	0	878	19	34	0.56
SCAF_16	181804	13424	73.84	0	6712	234	351	0.67
SCAF_160	32136	5310	165.24	0	2655	160	350	0.46
SCAF_161	32035	7388	230.62	0	3694	274	546	0.50
SCAF_162	31954	2060	64.47	0	1030	88	59	1.49
SCAF_163	31782	5604	176.33	0	2802	195	393	0.50
SCAF_164	31669	5620	177.46	0	2810	157	358	0.44
SCAF_165	31629	4170	131.84	0	2085	282	220	1.28
SCAF_166	31581	2584	81.82	0	1292	81	87	0.93
SCAF_167	31556	3412	108.13	0	1706	122	162	0.75
SCAF_168	31421	7414	235.96	0	3707	306	555	0.55
SCAF_169	31314	7286	232.68	0	3643	169	517	0.33
SCAF_17	176395	20956	118.80	0	10478	1191	870	1.37
SCAF_170	31127	3456	111.03	0	1728	140	135	1.04
SCAF_171	31061	124	3.99	0	62	0	1	0.00
SCAF_172	31059	1622	52.22	0	811	32	24	1.33
SCAF_173	30866	2898	93.89	0	1449	87	130	0.67
SCAF_174	30739	56	1.82	0	28	0	1	0.00
SCAF_175	30330	2204	72.67	0	1102	99	67	1.48
SCAF_176	30301	1836	60.59	0	918	50	51	0.98
SCAF_177	30226	2288	75.70	0	1144	125	98	1.28
SCAF_178	30187	1612	53.40	0	806	63	53	1.19
SCAF_179	30183	6150	203.76	0	3075	245	453	0.54
SCAF_18	160122	14090	88.00	0	7045	774	577	1.34
SCAF_180	30131	3464	114.96	0	1732	152	125	1.22
SCAF_181	30071	2524	83.93	0	1262	143	123	1.16
SCAF_182	30032	4374	145.64	0	2187	212	193	1.10
SCAF_183	30005	552	18.40	0	276	19	18	1.06
SCAF_184	29541	3264	110.49	0	1632	123	64	1.92
SCAF_185	29415	2028	68.94	0	1014	83	58	1.43
SCAF_186	29375	5116	174.16	0	2558	197	343	0.57
SCAF_187	29360	2098	71.46	0	1049	81	61	1.33
SCAF_188	29327	3394	115.73	0	1697	229	199	1.15
SCAF_189	29236	2330	79.70	0	1165	93	88	1.06
SCAF_19	139354	4646	33.34	0	2323	225	123	1.83
SCAF_190	29216	4724	161.69	0	2362	138	129	1.07
SCAF_191	29200	2686	91.99	0	1343	64	75	0.85
SCAF_192	29083	276	9.49	0	138	7	2	3.50
SCAF_193	29081	2678	92.09	0	1339	94	91	1.03
SCAF_194	28863	688	23.84	0	344	7	12	0.58
SCAF_195	28688	3118	108.69	0	1559	94	119	0.79
SCAF_196	28688	5368	187.12	0	2684	181	358	0.51
SCAF_197	28670	3158	110.15	0	1579	167	144	1.16
SCAF_198	28585	3088	108.03	0	1544	156	154	1.01
SCAF_199	28585	2514	87.95	0	1257	98	61	1.61
SCAF_2	4079479	0	0.00	0	0	0	0	0
SCAF_20	131876	16544	125.45	0	8272	1039	746	1.39
SCAF_200	28563	7208	252.35	0	3604	274	542	0.51
SCAF_201	28551	2490	87.21	0	1245	74	91	0.81
SCAF_202	28219	5890	208.72	0	2945	220	402	0.55
SCAF_203	28217	2024	71.73	0	1012	83	65	1.28
SCAF_204	28187	3114	110.48	0	1557	56	53	1.06
SCAF_205	28138	4414	156.87	0	2207	108	319	0.34
SCAF_206	28111	3422	121.73	0	1711	83	162	0.51
SCAF_207	27959	3538	126.54	0	1769	179	178	1.01
SCAF_208	27935	68	2.43	0	34	0	1	0.00
SCAF_209	27830	5112	183.69	0	2556	151	306	0.49
SCAF_21	130124	12966	99.64	0	6483	735	616	1.19
SCAF_210	27781	5062	182.21	0	2531	130	323	0.40
SCAF_211	27774	3072	110.61	0	1536	244	177	1.38
SCAF_212	27772	1560	56.17	0	780	74	92	0.80
SCAF_213	27728	2352	84.82	0	1176	111	99	1.12
SCAF_214	27690	6694	241.75	0	3347	226	455	0.50
SCAF_215	27659	10	0.36	0	5	0	1	0.00
SCAF_216	27637	2362	85.47	0	1181	121	87	1.39
SCAF_217	27634	2688	97.27	0	1344	115	106	1.08
SCAF_218	27594	3302	119.66	0	1651	179	150	1.19
SCAF_219	27563	2058	74.67	0	1029	43	45	0.96
SCAF_22	121580	15352	126.27	0	7676	943	717	1.32
SCAF_220	27545	3520	127.79	0	1760	218	183	1.19
SCAF_221	27530	4856	176.39	0	2428	179	323	0.55
SCAF_222	27515	1716	62.37	0	858	39	54	0.72
SCAF_223	27476	3322	120.91	0	1661	86	191	0.45
SCAF_224	27450	3180	115.85	0	1590	77	123	0.63
SCAF_225	27344	2146	78.48	0	1073	48	72	0.67
SCAF_226	27270	2554	93.66	0	1277	131	95	1.38
SCAF_227	27232	2852	104.73	0	1426	88	123	0.72
SCAF_228	27189	2500	91.95	0	1250	64	52	1.23
SCAF_229	27037	2048	75.75	0	1024	72	66	1.09
SCAF_23	117381	15064	128.33	0	7532	860	664	1.30
SCAF_230	26948	1736	64.42	0	868	90	71	1.27
SCAF_231	26899	3972	147.66	0	1986	130	259	0.50
SCAF_232	26856	4396	163.69	0	2198	126	262	0.48
SCAF_233	26767	1932	72.18	0	966	62	70	0.89
SCAF_234	26700	0	0.00	0	0	0	0	0
SCAF_235	26660	176	6.60	0	88	5	2	2.50
SCAF_236	26499	7586	286.27	0	3793	213	603	0.35
SCAF_237	26482	2170	81.94	0	1085	90	84	1.07
SCAF_238	26369	3128	118.62	0	1564	108	214	0.50
SCAF_239	26171	4944	188.91	0	2472	174	352	0.49
SCAF_24	115879	12042	103.92	0	6021	615	486	1.27
SCAF_240	26148	2476	94.69	0	1238	82	120	0.68
SCAF_241	26131	3094	118.40	0	1547	171	139	1.23
SCAF_242	26114	5132	196.52	0	2566	139	369	0.38
SCAF_243	26085	2994	114.78	0	1497	106	162	0.65
SCAF_244	26060	2324	89.18	0	1162	61	97	0.63
SCAF_245	25968	3066	118.07	0	1533	97	152	0.64
SCAF_246	25946	34	1.31	0	17	0	0	0
SCAF_247	25940	3386	130.53	0	1693	196	189	1.04
SCAF_248	25895	1510	58.31	0	755	34	60	0.57
SCAF_249	25885	6164	238.13	0	3082	243	416	0.58
SCAF_25	115495	18800	162.78	0	9400	856	864	0.99
SCAF_250	25884	2592	100.14	0	1296	139	114	1.22
SCAF_251	25874	2130	82.32	0	1065	54	53	1.02
SCAF_252	25864	1946	75.24	0	973	45	51	0.88
SCAF_253	25825	3492	135.22	0	1746	115	205	0.56
SCAF_254	25798	4090	158.54	0	2045	98	94	1.04
SCAF_255	25728	1772	68.87	0	886	42	51	0.82
SCAF_256	25725	2804	109.00	0	1402	80	111	0.72
SCAF_257	25720	2416	93.93	0	1208	122	106	1.15
SCAF_258	25700	3796	147.70	0	1898	107	92	1.16
SCAF_259	25645	2408	93.90	0	1204	78	93	0.84
SCAF_26	113072	13194	116.69	0	6597	776	544	1.43
SCAF_260	25595	3354	131.04	0	1677	155	119	1.30
SCAF_261	25593	4996	195.21	0	2498	196	376	0.52
SCAF_262	25592	4362	170.44	0	2181	149	272	0.55
SCAF_263	25481	2460	96.54	0	1230	111	90	1.23
SCAF_264	25444	4120	161.92	0	2060	258	206	1.25
SCAF_265	25436	3470	136.42	0	1735	84	185	0.45
SCAF_266	25377	2178	85.83	0	1089	118	65	1.82
SCAF_267	25340	2888	113.97	0	1444	207	146	1.42
SCAF_268	25329	3374	133.21	0	1687	115	157	0.73
SCAF_269	25264	2352	93.10	0	1176	66	113	0.58
SCAF_27	110609	24346	220.11	0	12173	1901	640	2.97
SCAF_270	25225	4136	163.96	0	2068	85	246	0.35
SCAF_271	25206	2196	87.12	0	1098	46	37	1.24
SCAF_272	25161	2206	87.68	0	1103	86	83	1.04
SCAF_273	25090	2412	96.13	0	1206	65	87	0.75
SCAF_274	24834	2818	113.47	0	1409	68	119	0.57
SCAF_275	24832	3418	137.64	0	1709	149	123	1.21
SCAF_276	24811	2456	98.99	0	1228	109	85	1.28
SCAF_277	24713	1922	77.77	0	961	96	92	1.04
SCAF_278	24673	3396	137.64	0	1698	94	196	0.48
SCAF_279	24542	4576	186.46	0	2288	183	282	0.65
SCAF_28	109542	6460	58.97	0	3230	308	214	1.44
SCAF_280	24528	2198	89.61	0	1099	71	81	0.88
SCAF_281	24435	1226	50.17	0	613	43	22	1.95
SCAF_282	24359	1758	72.17	0	879	54	83	0.65
SCAF_283	24173	2488	102.92	0	1244	122	116	1.05
SCAF_284	24152	26	1.08	0	13	0	0	0
SCAF_285	24110	1302	54.00	0	651	29	35	0.83
SCAF_286	24066	1144	47.54	0	572	27	15	1.80
SCAF_287	23981	946	39.45	0	473	21	19	1.11
SCAF_288	23980	3016	125.77	0	1508	113	162	0.70
SCAF_289	23950	2414	100.79	0	1207	101	104	0.97
SCAF_29	108319	25734	237.58	0	12867	1646	1007	1.63
SCAF_290	23945	2072	86.53	0	1036	80	89	0.90
SCAF_291	23886	2782	116.47	0	1391	98	124	0.79
SCAF_292	23860	1476	61.86	0	738	58	22	2.64
SCAF_293	23814	4218	177.12	0	2109	185	302	0.61
SCAF_294	23796	5320	223.57	0	2660	127	346	0.37
SCAF_295	23767	6910	290.74	0	3455	249	472	0.53
SCAF_296	23762	2434	102.43	0	1217	52	40	1.30
SCAF_297	23695	3394	143.24	0	1697	172	144	1.19
SCAF_298	23666	2512	106.14	0	1256	73	99	0.74
SCAF_299	23648	2042	86.35	0	1021	76	41	1.85
SCAF_3	3666439	0	0.00	0	0	0	0	0
SCAF_30	107902	12264	113.66	0	6132	465	216	2.15
SCAF_300	23643	36	1.52	0	18	0	0	0
SCAF_301	23638	1372	58.04	0	686	43	28	1.54
SCAF_302	23633	5580	236.11	0	2790	120	392	0.31
SCAF_303	23629	4792	202.80	0	2396	154	342	0.45
SCAF_304	23571	3260	138.31	0	1630	176	168	1.05
SCAF_305	23555	1984	84.23	0	992	97	84	1.15
SCAF_306	23322	1268	54.37	0	634	50	51	0.98
SCAF_307	23295	4246	182.27	0	2123	106	290	0.37
SCAF_308	23075	2	0.09	0	1	0	0	0
SCAF_309	23057	3732	161.86	0	1866	123	273	0.45
SCAF_31	106626	8582	80.49	0	4291	371	181	2.05
SCAF_310	23011	5496	238.84	0	2748	187	412	0.45
SCAF_311	22999	1170	50.87	0	585	31	28	1.11
SCAF_312	22896	5970	260.74	0	2985	219	467	0.47
SCAF_313	22877	1310	57.26	0	655	52	36	1.44
SCAF_314	22871	36	1.57	0	18	0	1	0.00
SCAF_315	22844	1688	73.89	0	844	43	24	1.79
SCAF_316	22844	1656	72.49	0	828	52	104	0.50
SCAF_317	22833	3674	160.91	0	1837	166	249	0.67
SCAF_318	22713	2450	107.87	0	1225	55	44	1.25
SCAF_319	22685	1688	74.41	0	844	51	62	0.82
SCAF_32	102192	11458	112.12	0	5729	549	263	2.09
SCAF_320	22653	1904	84.05	0	952	51	60	0.85
SCAF_321	22554	5100	226.12	0	2550	176	336	0.52
SCAF_322	22539	4026	178.62	0	2013	103	245	0.42
SCAF_323	22525	1386	61.53	0	693	62	31	2.00
SCAF_324	22489	3056	135.89	0	1528	216	149	1.45
SCAF_325	22468	2148	95.60	0	1074	100	79	1.27
SCAF_326	22392	8	0.36	0	4	0	0	0
SCAF_327	22337	1234	55.24	0	617	35	43	0.81
SCAF_328	22280	0	0.00	0	0	0	0	0
SCAF_329	22245	2274	102.23	0	1137	69	97	0.71
SCAF_33	98221	13266	135.06	0	6633	797	666	1.20
SCAF_330	22040	2070	93.92	0	1035	67	89	0.75
SCAF_331	22029	1166	52.93	0	583	21	25	0.84
SCAF_332	21923	3672	167.50	0	1836	121	206	0.59
SCAF_333	21867	1004	45.91	0	502	37	22	1.68
SCAF_334	21813	4024	184.48	0	2012	150	247	0.61
SCAF_335	21800	2430	111.47	0	1215	106	86	1.23
SCAF_336	21691	1962	90.45	0	981	46	42	1.10
SCAF_337	21675	2398	110.63	0	1199	57	88	0.65
SCAF_338	21621	2116	97.87	0	1058	50	48	1.04
SCAF_339	21529	1936	89.93	0	968	53	48	1.10
SCAF_34	97882	12852	131.30	0	6426	835	601	1.39
SCAF_340	21472	2232	103.95	0	1116	78	69	1.13
SCAF_341	21449	3656	170.45	0	1828	119	184	0.65
SCAF_342	21444	5160	240.63	0	2580	360	112	3.21
SCAF_343	21365	2566	120.10	0	1283	83	140	0.59
SCAF_344	21355	1438	67.34	0	719	96	56	1.71
SCAF_345	21334	4196	196.68	0	2098	158	275	0.57
SCAF_346	21294	0	0.00	0	0	0	0	0
SCAF_347	21288	1872	87.94	0	936	53	58	0.91
SCAF_348	21209	1120	52.81	0	560	64	53	1.21
SCAF_349	21199	1472	69.44	0	736	41	40	1.02
SCAF_35	95705	5588	58.39	0	2794	92	92	1.00
SCAF_350	21189	1554	73.34	0	777	21	10	2.10
SCAF_351	21106	1992	94.38	0	996	142	108	1.31
SCAF_352	21098	1244	58.96	0	622	45	47	0.96
SCAF_353	21078	1276	60.54	0	638	51	52	0.98
SCAF_354	20991	1664	79.27	0	832	59	63	0.94
SCAF_355	20981	552	26.31	0	276	8	6	1.33
SCAF_356	20980	4364	208.01	0	2182	142	279	0.51
SCAF_357	20976	1472	70.18	0	736	33	61	0.54
SCAF_358	20871	1340	64.20	0	670	40	28	1.43
SCAF_359	20831	1896	91.02	0	948	54	60	0.90
SCAF_36	94431	8776	92.94	0	4388	571	382	1.49
SCAF_360	20777	1586	76.33	0	793	38	53	0.72
SCAF_361	20737	2406	116.02	0	1203	72	126	0.57
SCAF_362	20702	3192	154.19	0	1596	150	152	0.99
SCAF_363	20586	282	13.70	0	141	20	12	1.67
SCAF_364	20574	2266	110.14	0	1133	103	104	0.99
SCAF_365	20553	926	45.05	0	463	29	24	1.21
SCAF_366	20522	1538	74.94	0	769	49	51	0.96
SCAF_367	20517	1438	70.09	0	719	52	46	1.13
SCAF_368	20452	1278	62.49	0	639	67	54	1.24
SCAF_369	20438	2100	102.75	0	1050	138	98	1.41
SCAF_37	92851	9788	105.42	0	4894	448	366	1.22
SCAF_370	20350	2874	141.23	0	1437	72	73	0.99
SCAF_371	20349	2270	111.55	0	1135	57	52	1.10
SCAF_372	20285	758	37.37	0	379	44	15	2.93
SCAF_373	20282	1330	65.58	0	665	37	21	1.76
SCAF_374	20282	10	0.49	0	5	0	0	0
SCAF_375	20179	2420	119.93	0	1210	102	95	1.07
SCAF_376	20174	5490	272.13	0	2745	185	383	0.48
SCAF_377	20160	4162	206.45	0	2081	133	283	0.47
SCAF_378	20157	30	1.49	0	15	0	0	0
SCAF_379	20150	1898	94.19	0	949	94	95	0.99
SCAF_38	89142	9092	101.99	0	4546	557	419	1.33
SCAF_380	20140	1630	80.93	0	815	43	34	1.26
SCAF_381	20082	2664	132.66	0	1332	100	130	0.77
SCAF_382	20068	1708	85.11	0	854	44	60	0.73
SCAF_383	20052	1952	97.35	0	976	62	79	0.78
SCAF_384	20039	2068	103.20	0	1034	98	95	1.03
SCAF_385	20036	2182	108.90	0	1091	103	80	1.29
SCAF_386	20004	4106	205.26	0	2053	140	298	0.47
SCAF_387	19967	2182	109.28	0	1091	65	110	0.59
SCAF_388	19953	3512	176.01	0	1756	170	135	1.26
SCAF_389	19874	1636	82.32	0	818	35	26	1.35
SCAF_39	88257	9802	111.06	0	4901	443	386	1.15
SCAF_390	19870	90	4.53	0	45	0	1	0.00
SCAF_391	19819	2678	135.12	0	1339	66	130	0.51
SCAF_392	19814	2022	102.05	0	1011	55	57	0.96
SCAF_393	19805	1404	70.89	0	702	77	58	1.33
SCAF_394	19796	4540	229.34	0	2270	134	338	0.40
SCAF_395	19788	54	2.73	0	27	0	1	0.00
SCAF_396	19769	2596	131.32	0	1298	59	106	0.56
SCAF_397	19737	1710	86.64	0	855	93	59	1.58
SCAF_398	19694	3932	199.65	0	1966	160	193	0.83
SCAF_399	19627	3794	193.31	0	1897	128	242	0.53
SCAF_4	2601389	0	0.00	0	0	0	0	0
SCAF_40	85354	11642	136.40	0	5821	659	526	1.25
SCAF_400	19559	3176	162.38	0	1588	117	175	0.67
SCAF_401	19529	2966	151.88	0	1483	104	141	0.74
SCAF_402	19485	1644	84.37	0	822	50	56	0.89
SCAF_403	19440	1724	88.68	0	862	70	60	1.17
SCAF_404	19429	1510	77.72	0	755	48	50	0.96
SCAF_405	19412	1328	68.41	0	664	43	51	0.84
SCAF_406	19412	2420	124.67	0	1210	94	119	0.79
SCAF_407	19392	2006	103.44	0	1003	69	86	0.80
SCAF_408	19383	1354	69.86	0	677	44	44	1.00
SCAF_409	19350	1838	94.99	0	919	60	66	0.91
SCAF_41	82239	7964	96.84	0	3982	577	365	1.58
SCAF_410	19334	3364	173.99	0	1682	124	185	0.67
SCAF_411	19319	514	26.61	0	257	8	6	1.33
SCAF_412	19298	3002	155.56	0	1501	219	132	1.66
SCAF_413	19281	2724	141.28	0	1362	147	117	1.26
SCAF_414	19250	1358	70.55	0	679	75	61	1.23
SCAF_415	19240	2398	124.64	0	1199	89	118	0.75
SCAF_416	19198	1532	79.80	0	766	78	49	1.59
SCAF_417	19156	1306	68.18	0	653	30	49	0.61
SCAF_418	19069	0	0.00	0	0	0	0	0
SCAF_419	19061	1342	70.41	0	671	57	34	1.68
SCAF_42	77162	7338	95.10	0	3669	477	324	1.47
SCAF_420	19040	1492	78.36	0	746	35	47	0.74
SCAF_421	19012	4616	242.79	0	2308	147	299	0.49
SCAF_422	18950	752	39.68	0	376	37	26	1.42
SCAF_423	18945	4434	234.05	0	2217	155	322	0.48
SCAF_424	18943	1132	59.76	0	566	32	25	1.28
SCAF_425	18932	2338	123.49	0	1169	82	133	0.62
SCAF_426	18882	1732	91.73	0	866	62	82	0.76
SCAF_427	18874	2132	112.96	0	1066	94	96	0.98
SCAF_428	18866	1864	98.80	0	932	90	67	1.34
SCAF_429	18866	1544	81.84	0	772	89	85	1.05
SCAF_43	76714	9560	124.62	0	4780	599	411	1.46
SCAF_430	18815	2784	147.97	0	1392	60	126	0.48
SCAF_431	18805	1912	101.68	0	956	102	105	0.97
SCAF_432	18790	2518	134.01	0	1259	136	125	1.09
SCAF_433	18773	1562	83.20	0	781	47	53	0.89
SCAF_434	18766	1330	70.87	0	665	59	43	1.37
SCAF_435	18753	1286	68.58	0	643	68	48	1.42
SCAF_436	18746	670	35.74	0	335	66	38	1.74
SCAF_437	18721	3850	205.65	0	1925	90	307	0.29
SCAF_438	18669	1910	102.31	0	955	62	65	0.95
SCAF_439	18588	992	53.37	0	496	45	19	2.37
SCAF_44	76272	6422	84.20	0	3211	231	138	1.67
SCAF_440	18561	2478	133.51	0	1239	74	66	1.12
SCAF_441	18530	1944	104.91	0	972	102	66	1.55
SCAF_442	18489	1662	89.89	0	831	50	68	0.74
SCAF_443	18479	1706	92.32	0	853	37	64	0.58
SCAF_444	18424	1714	93.03	0	857	104	61	1.70
SCAF_445	18396	4130	224.51	0	2065	128	255	0.50
SCAF_446	18392	1204	65.46	0	602	81	53	1.53
SCAF_447	18255	2218	121.50	0	1109	66	103	0.64
SCAF_448	18252	1870	102.45	0	935	88	83	1.06
SCAF_449	18248	3410	186.87	0	1705	100	224	0.45
SCAF_45	73110	16400	224.32	0	8200	426	1165	0.37
SCAF_450	18208	1166	64.04	0	583	33	29	1.14
SCAF_451	18202	2128	116.91	0	1064	67	78	0.86
SCAF_452	18192	1776	97.63	0	888	50	60	0.83
SCAF_453	18150	1152	63.47	0	576	34	40	0.85
SCAF_454	18134	1248	68.82	0	624	28	58	0.48
SCAF_455	18114	1490	82.26	0	745	30	43	0.70
SCAF_456	18112	1280	70.67	0	640	41	31	1.32
SCAF_457	18054	3012	166.83	0	1506	185	150	1.23
SCAF_458	18006	3850	213.82	0	1925	150	283	0.53
SCAF_459	18000	1646	91.44	0	823	45	48	0.94
SCAF_46	72118	8980	124.52	0	4490	613	471	1.30
SCAF_460	17967	1688	93.95	0	844	63	48	1.31
SCAF_461	17943	2228	124.17	0	1114	73	79	0.92
SCAF_462	17929	1122	62.58	0	561	34	12	2.83
SCAF_463	17921	756	42.19	0	378	14	18	0.78
SCAF_464	17913	4534	253.11	0	2267	181	320	0.57
SCAF_465	17912	1806	100.83	0	903	66	99	0.67
SCAF_466	17886	1388	77.60	0	694	47	39	1.21
SCAF_467	17859	752	42.11	0	376	28	12	2.33
SCAF_468	17837	966	54.16	0	483	39	37	1.05
SCAF_469	17802	1396	78.42	0	698	48	54	0.89
SCAF_47	70166	9106	129.78	0	4553	548	453	1.21
SCAF_470	17776	874	49.17	0	437	35	49	0.71
SCAF_471	17682	1458	82.46	0	729	36	56	0.64
SCAF_472	17646	2038	115.49	0	1019	107	61	1.75
SCAF_473	17646	1432	81.15	0	716	74	44	1.68
SCAF_474	17642	94	5.33	0	47	0	1	0.00
SCAF_475	17613	220	12.49	0	110	5	4	1.25
SCAF_476	17602	1272	72.26	0	636	33	18	1.83
SCAF_477	17571	1244	70.80	0	622	27	30	0.90
SCAF_478	17535	3038	173.25	0	1519	101	167	0.60
SCAF_479	17528	768	43.82	0	384	13	9	1.44
SCAF_48	69627	8848	127.08	0	4424	513	424	1.21
SCAF_480	17503	2934	167.63	0	1467	105	193	0.54
SCAF_481	17502	1970	112.56	0	985	70	99	0.71
SCAF_482	17480	1840	105.26	0	920	43	84	0.51
SCAF_483	17476	1740	99.57	0	870	60	85	0.71
SCAF_484	17457	1070	61.29	0	535	36	33	1.09
SCAF_485	17386	4314	248.13	0	2157	160	281	0.57
SCAF_486	17362	3986	229.58	0	1993	162	302	0.54
SCAF_487	17332	1940	111.93	0	970	56	128	0.44
SCAF_488	17327	3658	211.12	0	1829	113	266	0.42
SCAF_489	17303	4026	232.68	0	2013	153	312	0.49
SCAF_49	69624	4530	65.06	0	2265	136	70	1.94
SCAF_490	17273	3976	230.19	0	1988	105	285	0.37
SCAF_491	17245	2614	151.58	0	1307	99	61	1.62
SCAF_492	17239	4004	232.26	0	2002	104	363	0.29
SCAF_493	17219	4260	247.40	0	2130	157	304	0.52
SCAF_494	17218	2164	125.68	0	1082	72	127	0.57
SCAF_495	17211	1910	110.98	0	955	61	82	0.74
SCAF_496	17198	3904	227.00	0	1952	105	273	0.38
SCAF_497	17190	1218	70.86	0	609	27	38	0.71
SCAF_498	17162	1166	67.94	0	583	49	50	0.98
SCAF_499	17147	2328	135.77	0	1164	61	134	0.46
SCAF_5	2032088	0	0.00	0	0	0	0	0
SCAF_50	68258	8596	125.93	0	4298	535	402	1.33
SCAF_500	17144	1708	99.63	0	854	56	68	0.82
SCAF_501	17142	1460	85.17	0	730	32	62	0.52
SCAF_502	17124	1896	110.72	0	948	106	94	1.13
SCAF_503	17118	26	1.52	0	13	1	0	0
SCAF_504	17076	1086	63.60	0	543	61	47	1.30
SCAF_505	17047	0	0.00	0	0	0	0	0
SCAF_506	17043	1312	76.98	0	656	67	21	3.19
SCAF_507	17035	2266	133.02	0	1133	99	95	1.04
SCAF_508	17021	1836	107.87	0	918	89	79	1.13
SCAF_509	16971	3164	186.44	0	1582	118	239	0.49
SCAF_51	66966	7236	108.05	0	3618	416	264	1.58
SCAF_510	16897	1816	107.47	0	908	93	78	1.19
SCAF_511	16849	3182	188.85	0	1591	120	164	0.73
SCAF_512	16807	2666	158.62	0	1333	117	134	0.87
SCAF_513	16787	1140	67.91	0	570	36	40	0.90
SCAF_514	16784	3346	199.36	0	1673	110	257	0.43
SCAF_515	16776	4460	265.86	0	2230	156	291	0.54
SCAF_516	16745	600	35.83	0	300	8	11	0.73
SCAF_517	16741	2948	176.09	0	1474	81	155	0.52
SCAF_518	16733	1778	106.26	0	889	76	72	1.06
SCAF_519	16710	2526	151.17	0	1263	88	125	0.70
SCAF_52	66855	4846	72.49	0	2423	247	227	1.09
SCAF_520	16702	76	4.55	0	38	0	0	0
SCAF_521	16701	2554	152.92	0	1277	88	173	0.51
SCAF_522	16645	1020	61.28	0	510	28	34	0.82
SCAF_523	16623	2822	169.76	0	1411	99	141	0.70
SCAF_524	16568	1020	61.56	0	510	20	19	1.05
SCAF_525	16548	1742	105.27	0	871	61	75	0.81
SCAF_526	16541	3100	187.41	0	1550	74	217	0.34
SCAF_527	16518	38	2.30	0	19	0	0	0
SCAF_528	16510	3284	198.91	0	1642	89	221	0.40
SCAF_529	16492	1632	98.96	0	816	102	67	1.52
SCAF_53	65552	4332	66.08	0	2166	197	149	1.32
SCAF_530	16462	760	46.17	0	380	17	22	0.77
SCAF_531	16461	818	49.69	0	409	16	9	1.78
SCAF_532	16447	1736	105.55	0	868	111	91	1.22
SCAF_533	16383	1762	107.55	0	881	96	78	1.23
SCAF_534	16345	2008	122.85	0	1004	54	83	0.65
SCAF_535	16343	1174	71.84	0	587	36	48	0.75
SCAF_536	16333	1148	70.29	0	574	26	41	0.63
SCAF_537	16287	1622	99.59	0	811	75	60	1.25
SCAF_538	16266	2988	183.70	0	1494	83	189	0.44
SCAF_539	16246	1056	65.00	0	528	16	18	0.89
SCAF_54	65267	4876	74.71	0	2438	236	165	1.43
SCAF_540	16245	1932	118.93	0	966	49	88	0.56
SCAF_541	16215	1836	113.23	0	918	63	62	1.02
SCAF_542	16208	1032	63.67	0	516	32	41	0.78
SCAF_543	16160	2140	132.43	0	1070	49	118	0.42
SCAF_544	16140	1154	71.50	0	577	30	47	0.64
SCAF_545	16102	1634	101.48	0	817	47	70	0.67
SCAF_546	16083	4032	250.70	0	2016	140	276	0.51
SCAF_547	16037	1048	65.35	0	524	34	31	1.10
SCAF_548	16034	1664	103.78	0	832	59	75	0.79
SCAF_549	16030	1178	73.49	0	589	46	65	0.71
SCAF_55	65114	7496	115.12	0	3748	439	283	1.55
SCAF_550	16027	436	27.20	0	218	17	7	2.43
SCAF_551	15990	1282	80.18	0	641	70	49	1.43
SCAF_552	15913	1858	116.76	0	929	107	99	1.08
SCAF_553	15906	600	37.72	0	300	29	23	1.26
SCAF_554	15898	2732	171.85	0	1366	74	152	0.49
SCAF_555	15891	1482	93.26	0	741	43	74	0.58
SCAF_556	15885	3216	202.46	0	1608	100	217	0.46
SCAF_557	15855	1804	113.78	0	902	66	93	0.71
SCAF_558	15839	1634	103.16	0	817	49	82	0.60
SCAF_559	15827	2980	188.29	0	1490	135	224	0.60
SCAF_56	62812	5654	90.01	0	2827	239	214	1.12
SCAF_560	15823	1080	68.26	0	540	64	30	2.13
SCAF_561	15791	4002	253.44	0	2001	148	280	0.53
SCAF_562	15777	76	4.82	0	38	0	0	0
SCAF_563	15776	1772	112.32	0	886	111	82	1.35
SCAF_564	15761	3412	216.48	0	1706	86	240	0.36
SCAF_565	15717	2022	128.65	0	1011	54	100	0.54
SCAF_566	15706	968	61.63	0	484	23	28	0.82
SCAF_567	15696	3028	192.92	0	1514	121	166	0.73
SCAF_568	15657	3584	228.91	0	1792	88	210	0.42
SCAF_569	15650	542	34.63	0	271	23	7	3.29
SCAF_57	62187	5796	93.20	0	2898	319	270	1.18
SCAF_570	15646	998	63.79	0	499	27	28	0.96
SCAF_571	15619	1014	64.92	0	507	15	15	1.00
SCAF_572	15612	1658	106.20	0	829	42	57	0.74
SCAF_573	15605	1534	98.30	0	767	52	62	0.84
SCAF_574	15575	936	60.10	0	468	32	46	0.70
SCAF_575	15573	1002	64.34	0	501	20	33	0.61
SCAF_576	15571	2328	149.51	0	1164	73	105	0.70
SCAF_577	15544	1702	109.50	0	851	36	70	0.51
SCAF_578	15521	506	32.60	0	253	20	12	1.67
SCAF_579	15497	898	57.95	0	449	17	12	1.42
SCAF_58	61544	14076	228.71	0	7038	563	989	0.57
SCAF_580	15481	1774	114.59	0	887	44	100	0.44
SCAF_581	15458	1318	85.26	0	659	72	61	1.18
SCAF_582	15439	1380	89.38	0	690	60	61	0.98
SCAF_583	15421	944	61.22	0	472	48	22	2.18
SCAF_584	15337	994	64.81	0	497	13	9	1.44
SCAF_585	15336	1242	80.99	0	621	33	43	0.77
SCAF_586	15301	2610	170.58	0	1305	88	158	0.56
SCAF_587	15300	2798	182.88	0	1399	205	82	2.50
SCAF_588	15298	1892	123.68	0	946	47	109	0.43
SCAF_589	15238	1398	91.74	0	699	85	55	1.55
SCAF_59	61533	4132	67.15	0	2066	180	131	1.37
SCAF_590	15205	1206	79.32	0	603	48	74	0.65
SCAF_591	15162	1534	101.17	0	767	78	67	1.16
SCAF_592	15154	1432	94.50	0	716	21	59	0.36
SCAF_593	15087	3186	211.18	0	1593	118	205	0.58
SCAF_594	15082	2154	142.82	0	1077	140	82	1.71
SCAF_595	15055	2084	138.43	0	1042	130	100	1.30
SCAF_596	15045	1072	71.25	0	536	20	38	0.53
SCAF_597	15030	3642	242.32	0	1821	100	251	0.40
SCAF_598	15027	1136	75.60	0	568	39	25	1.56
SCAF_599	15000	1572	104.80	0	786	129	103	1.25
SCAF_6	1976889	0	0.00	0	0	0	0	0
SCAF_60	61411	7196	117.18	0	3598	434	152	2.86
SCAF_600	14995	1902	126.84	0	951	98	76	1.29
SCAF_601	14985	1334	89.02	0	667	66	70	0.94
SCAF_602	14930	2780	186.20	0	1390	85	186	0.46
SCAF_603	14898	1978	132.77	0	989	68	127	0.54
SCAF_604	14863	2894	194.71	0	1447	98	169	0.58
SCAF_605	14840	1248	84.10	0	624	37	38	0.97
SCAF_606	14808	1018	68.75	0	509	30	31	0.97
SCAF_607	14807	2160	145.88	0	1080	103	85	1.21
SCAF_608	14785	1524	103.08	0	762	51	74	0.69
SCAF_609	14742	290	19.67	0	145	12	3	4.00
SCAF_61	61115	7230	118.30	0	3615	507	389	1.30
SCAF_610	14738	2006	136.11	0	1003	64	90	0.71
SCAF_611	14737	1406	95.41	0	703	85	64	1.33
SCAF_612	14712	64	4.35	0	32	0	1	0.00
SCAF_613	14708	1308	88.93	0	654	63	54	1.17
SCAF_614	14694	1156	78.67	0	578	63	24	2.62
SCAF_615	14684	1396	95.07	0	698	28	45	0.62
SCAF_616	14676	644	43.88	0	322	12	18	0.67
SCAF_617	14662	874	59.61	0	437	45	36	1.25
SCAF_618	14658	3648	248.87	0	1824	122	230	0.53
SCAF_619	14650	1036	70.72	0	518	36	18	2.00
SCAF_62	59972	3764	62.76	0	1882	71	55	1.29
SCAF_620	14639	898	61.34	0	449	30	22	1.36
SCAF_621	14614	2100	143.70	0	1050	72	148	0.49
SCAF_622	14596	1092	74.82	0	546	49	46	1.07
SCAF_623	14590	1148	78.68	0	574	41	48	0.85
SCAF_624	14581	934	64.06	0	467	12	28	0.43
SCAF_625	14547	1344	92.39	0	672	81	62	1.31
SCAF_626	14527	1724	118.68	0	862	57	84	0.68
SCAF_627	14523	1934	133.17	0	967	43	96	0.45
SCAF_628	14498	900	62.08	0	450	36	33	1.09
SCAF_629	14453	1338	92.58	0	669	49	54	0.91
SCAF_63	59743	8112	135.78	0	4056	235	207	1.14
SCAF_630	14414	1072	74.37	0	536	39	40	0.97
SCAF_631	14395	1434	99.62	0	717	32	64	0.50
SCAF_632	14385	2568	178.52	0	1284	46	161	0.29
SCAF_633	14371	1160	80.72	0	580	19	30	0.63
SCAF_634	14371	1956	136.11	0	978	69	108	0.64
SCAF_635	14280	1412	98.88	0	706	40	23	1.74
SCAF_636	14276	1372	96.11	0	686	37	55	0.67
SCAF_637	14236	1794	126.02	0	897	65	79	0.82
SCAF_638	14229	2834	199.17	0	1417	105	199	0.53
SCAF_639	14202	972	68.44	0	486	23	28	0.82
SCAF_64	58841	2980	50.64	0	1490	90	46	1.96
SCAF_640	14111	1068	75.69	0	534	46	35	1.31
SCAF_641	14088	3310	234.95	0	1655	113	230	0.49
SCAF_642	14005	2870	204.93	0	1435	102	243	0.42
SCAF_643	13977	48	3.43	0	24	0	0	0
SCAF_644	13890	1376	99.06	0	688	39	41	0.95
SCAF_645	13875	2890	208.29	0	1445	82	207	0.40
SCAF_646	13874	1666	120.08	0	833	86	81	1.06
SCAF_647	13848	2140	154.53	0	1070	67	153	0.44
SCAF_648	13847	1278	92.29	0	639	27	28	0.96
SCAF_649	13838	1624	117.36	0	812	60	75	0.80
SCAF_65	58838	4852	82.46	0	2426	252	190	1.33
SCAF_650	13812	1596	115.55	0	798	58	73	0.79
SCAF_651	13758	1126	81.84	0	563	87	67	1.30
SCAF_652	13727	1674	121.95	0	837	49	66	0.74
SCAF_653	13703	902	65.83	0	451	28	17	1.65
SCAF_654	13701	1016	74.16	0	508	34	32	1.06
SCAF_655	13677	1086	79.40	0	543	34	35	0.97
SCAF_656	13622	2654	194.83	0	1327	101	164	0.62
SCAF_657	13584	834	61.40	0	417	13	12	1.08
SCAF_658	13583	2826	208.05	0	1413	108	174	0.62
SCAF_659	13535	3646	269.38	0	1823	110	235	0.47
SCAF_66	58483	3292	56.29	0	1646	114	58	1.97
SCAF_660	13535	968	71.52	0	484	25	30	0.83
SCAF_661	13499	1310	97.04	0	655	39	55	0.71
SCAF_662	13464	738	54.81	0	369	20	11	1.82
SCAF_663	13438	824	61.32	0	412	37	36	1.03
SCAF_664	13385	14	1.05	0	7	0	0	0
SCAF_665	13357	1044	78.16	0	522	19	33	0.58
SCAF_666	13330	2330	174.79	0	1165	80	163	0.49
SCAF_667	13327	1474	110.60	0	737	52	35	1.49
SCAF_668	13319	742	55.71	0	371	24	18	1.33
SCAF_669	13303	1078	81.03	0	539	22	15	1.47
SCAF_67	57162	3868	67.67	0	1934	198	166	1.19
SCAF_670	13293	3514	264.35	0	1757	116	240	0.48
SCAF_671	13288	1674	125.98	0	837	95	69	1.38
SCAF_672	13266	1666	125.58	0	833	52	99	0.53
SCAF_673	13189	566	42.91	0	283	19	12	1.58
SCAF_674	13149	1782	135.52	0	891	74	75	0.99
SCAF_675	13128	1644	125.23	0	822	94	78	1.21
SCAF_676	13120	1158	88.26	0	579	55	50	1.10
SCAF_677	13080	1190	90.98	0	595	30	29	1.03
SCAF_678	13050	852	65.29	0	426	19	42	0.45
SCAF_679	13043	1482	113.62	0	741	59	72	0.82
SCAF_68	56404	3202	56.77	0	1601	124	45	2.76
SCAF_680	13008	1446	111.16	0	723	49	59	0.83
SCAF_681	13001	808	62.15	0	404	28	29	0.97
SCAF_682	12997	1378	106.02	0	689	73	63	1.16
SCAF_683	12986	2216	170.65	0	1108	59	147	0.40
SCAF_684	12871	1128	87.64	0	564	36	44	0.82
SCAF_685	12842	1286	100.14	0	643	35	59	0.59
SCAF_686	12830	798	62.20	0	399	21	26	0.81
SCAF_687	12781	1910	149.44	0	955	52	135	0.39
SCAF_688	12768	1024	80.20	0	512	40	44	0.91
SCAF_689	12768	2326	182.17	0	1163	88	148	0.59
SCAF_69	55942	10562	188.80	0	5281	373	696	0.54
SCAF_690	12764	1836	143.84	0	918	54	86	0.63
SCAF_691	12677	1016	80.15	0	508	33	41	0.80
SCAF_692	12675	1070	84.42	0	535	30	28	1.07
SCAF_693	12651	886	70.03	0	443	18	28	0.64
SCAF_694	12646	534	42.23	0	267	10	23	0.43
SCAF_695	12643	1342	106.15	0	671	83	74	1.12
SCAF_696	12633	1728	136.78	0	864	72	114	0.63
SCAF_697	12625	2588	204.99	0	1294	76	149	0.51
SCAF_698	12617	2290	181.50	0	1145	112	127	0.88
SCAF_699	12540	980	78.15	0	490	26	35	0.74
SCAF_7	1932263	0	0.00	0	0	0	0	0
SCAF_70	55722	6960	124.91	0	3480	468	355	1.32
SCAF_700	12515	452	36.12	0	226	0	3	0.00
SCAF_701	12482	584	46.79	0	292	11	23	0.48
SCAF_702	12461	1430	114.76	0	715	60	75	0.80
SCAF_703	12456	1222	98.11	0	611	56	49	1.14
SCAF_704	12456	524	42.07	0	262	5	8	0.62
SCAF_705	12358	398	32.21	0	199	15	3	5.00
SCAF_706	12350	1660	134.41	0	830	106	99	1.07
SCAF_707	12343	900	72.92	0	450	34	32	1.06
SCAF_708	12333	578	46.87	0	289	7	17	0.41
SCAF_709	12319	68	5.52	0	34	0	2	0.00
SCAF_71	55604	6934	124.70	0	3467	530	375	1.41
SCAF_710	12288	1116	90.82	0	558	24	34	0.71
SCAF_711	12252	1670	136.30	0	835	116	78	1.49
SCAF_712	12218	1756	143.72	0	878	90	98	0.92
SCAF_713	12177	1650	135.50	0	825	122	64	1.91
SCAF_714	12167	990	81.37	0	495	34	28	1.21
SCAF_715	12163	456	37.49	0	228	8	17	0.47
SCAF_716	12143	1716	141.32	0	858	56	127	0.44
SCAF_717	12102	566	46.77	0	283	12	14	0.86
SCAF_718	12099	1330	109.93	0	665	48	84	0.57
SCAF_719	12095	1260	104.18	0	630	41	58	0.71
SCAF_72	54709	7876	143.96	0	3938	171	435	0.39
SCAF_720	12085	1302	107.74	0	651	50	61	0.82
SCAF_721	12078	1336	110.61	0	668	55	60	0.92
SCAF_722	12066	740	61.33	0	370	29	28	1.04
SCAF_723	12015	2956	246.03	0	1478	104	216	0.48
SCAF_724	12004	1466	122.13	0	733	57	72	0.79
SCAF_725	11949	1378	115.32	0	689	53	70	0.76
SCAF_726	11911	674	56.59	0	337	15	17	0.88
SCAF_727	11900	836	70.25	0	418	9	17	0.53
SCAF_728	11869	1362	114.75	0	681	61	62	0.98
SCAF_729	11788	1724	146.25	0	862	92	66	1.39
SCAF_73	52157	6132	117.57	0	3066	118	361	0.33
SCAF_730	11785	1786	151.55	0	893	84	76	1.11
SCAF_731	11750	2418	205.79	0	1209	65	124	0.52
SCAF_732	11699	1062	90.78	0	531	45	47	0.96
SCAF_733	11674	784	67.16	0	392	12	21	0.57
SCAF_734	11658	1172	100.53	0	586	33	55	0.60
SCAF_735	11648	1236	106.11	0	618	62	46	1.35
SCAF_736	11642	2612	224.36	0	1306	101	207	0.49
SCAF_737	11612	624	53.74	0	312	16	25	0.64
SCAF_738	11595	728	62.79	0	364	9	11	0.82
SCAF_739	11525	2102	182.39	0	1051	63	46	1.37
SCAF_74	52077	6690	128.46	0	3345	398	319	1.25
SCAF_740	11505	2300	199.91	0	1150	66	161	0.41
SCAF_741	11492	2082	181.17	0	1041	54	98	0.55
SCAF_742	11467	4	0.35	0	2	0	0	0
SCAF_743	11404	404	35.43	0	202	7	6	1.17
SCAF_744	11377	2264	199.00	0	1132	91	131	0.69
SCAF_745	11364	1822	160.33	0	911	55	92	0.60
SCAF_746	11318	1408	124.40	0	704	58	62	0.94
SCAF_747	11311	1436	126.96	0	718	58	43	1.35
SCAF_748	11306	828	73.24	0	414	38	37	1.03
SCAF_749	11299	792	70.09	0	396	36	28	1.29
SCAF_75	51185	4696	91.75	0	2348	221	194	1.14
SCAF_750	11284	726	64.34	0	363	15	19	0.79
SCAF_751	11276	1158	102.70	0	579	35	35	1.00
SCAF_752	11267	616	54.67	0	308	18	21	0.86
SCAF_753	11254	794	70.55	0	397	34	29	1.17
SCAF_754	11236	1874	166.79	0	937	63	86	0.73
SCAF_755	11231	1248	111.12	0	624	27	66	0.41
SCAF_756	11200	1110	99.11	0	555	54	49	1.10
SCAF_757	11195	1254	112.01	0	627	39	79	0.49
SCAF_758	11126	1012	90.96	0	506	35	42	0.83
SCAF_759	11118	1940	174.49	0	970	60	130	0.46
SCAF_76	50428	322	6.39	0	161	19	8	2.38
SCAF_760	11100	494	44.50	0	247	16	15	1.07
SCAF_761	11097	1364	122.92	0	682	39	49	0.80
SCAF_762	11029	616	55.85	0	308	28	16	1.75
SCAF_763	11019	578	52.45	0	289	20	17	1.18
SCAF_764	10979	1490	135.71	0	745	82	29	2.83
SCAF_765	10957	422	38.51	0	211	9	6	1.50
SCAF_766	10940	1874	171.30	0	937	63	105	0.60
SCAF_767	10913	672	61.58	0	336	44	24	1.83
SCAF_768	10886	882	81.02	0	441	42	42	1.00
SCAF_769	10867	918	84.48	0	459	26	28	0.93
SCAF_77	50384	730	14.49	0	365	24	25	0.96
SCAF_770	10816	864	79.88	0	432	30	37	0.81
SCAF_771	10810	702	64.94	0	351	8	11	0.73
SCAF_772	10709	1366	127.56	0	683	41	39	1.05
SCAF_773	10688	1758	164.48	0	879	61	88	0.69
SCAF_774	10648	1080	101.43	0	540	67	42	1.60
SCAF_775	10642	530	49.80	0	265	8	9	0.89
SCAF_776	10612	768	72.37	0	384	22	34	0.65
SCAF_777	10608	1326	125.00	0	663	77	64	1.20
SCAF_778	10604	1982	186.91	0	991	68	117	0.58
SCAF_779	10578	1272	120.25	0	636	46	62	0.74
SCAF_78	49366	7088	143.58	0	3544	420	388	1.08
SCAF_780	10571	910	86.08	0	455	13	21	0.62
SCAF_781	10511	512	48.71	0	256	8	15	0.53
SCAF_782	10492	766	73.01	0	383	13	24	0.54
SCAF_783	10421	2004	192.30	0	1002	49	131	0.37
SCAF_784	10379	874	84.21	0	437	53	34	1.56
SCAF_785	10337	1362	131.76	0	681	62	86	0.72
SCAF_786	10326	1238	119.89	0	619	39	57	0.68
SCAF_787	10326	696	67.40	0	348	19	22	0.86
SCAF_788	10316	1584	153.55	0	792	48	79	0.61
SCAF_789	10256	202	19.70	0	101	0	1	0.00
SCAF_79	49160	4516	91.86	0	2258	193	152	1.27
SCAF_790	10228	856	83.69	0	428	41	22	1.86
SCAF_791	10185	1948	191.26	0	974	77	150	0.51
SCAF_792	10184	1222	119.99	0	611	47	61	0.77
SCAF_793	10160	628	61.81	0	314	19	24	0.79
SCAF_794	10147	996	98.16	0	498	31	64	0.48
SCAF_795	10110	352	34.82	0	176	11	10	1.10
SCAF_796	10045	498	49.58	0	249	5	15	0.33
SCAF_797	10015	596	59.51	0	298	16	13	1.23
SCAF_798	10012	1970	196.76	0	985	63	137	0.46
SCAF_799	9978	386	38.69	0	193	18	10	1.80
SCAF_8	1669080	0	0.00	0	0	0	0	0
SCAF_80	48966	7442	151.98	0	3721	414	368	1.12
SCAF_800	9947	886	89.07	0	443	43	25	1.72
SCAF_801	9941	1708	171.81	0	854	50	114	0.44
SCAF_802	9910	660	66.60	0	330	16	24	0.67
SCAF_803	9879	1966	199.01	0	983	70	112	0.62
SCAF_804	9861	896	90.86	0	448	54	31	1.74
SCAF_805	9859	688	69.78	0	344	24	16	1.50
SCAF_806	9855	3102	314.76	0	1551	146	208	0.70
SCAF_807	9792	1456	148.69	0	728	45	78	0.58
SCAF_808	9784	2018	206.26	0	1009	53	116	0.46
SCAF_809	9773	532	54.44	0	266	26	3	8.67
SCAF_81	48848	4010	82.09	0	2005	122	168	0.73
SCAF_810	9756	176	18.04	0	88	1	4	0.25
SCAF_811	9753	1016	104.17	0	508	12	23	0.52
SCAF_812	9719	542	55.77	0	271	19	7	2.71
SCAF_813	9715	572	58.88	0	286	18	17	1.06
SCAF_814	9708	1270	130.82	0	635	36	66	0.55
SCAF_815	9700	1078	111.13	0	539	36	49	0.73
SCAF_816	9673	1084	112.06	0	542	34	41	0.83
SCAF_817	9638	1474	152.94	0	737	32	73	0.44
SCAF_818	9601	1408	146.65	0	704	44	65	0.68
SCAF_819	9601	2044	212.89	0	1022	62	95	0.65
SCAF_82	48542	3582	73.79	0	1791	196	154	1.27
SCAF_820	9550	16	1.68	0	8	1	0	0
SCAF_821	9533	948	99.44	0	474	40	55	0.73
SCAF_822	9498	1614	169.93	0	807	55	75	0.73
SCAF_823	9466	0	0.00	0	0	0	0	0
SCAF_824	9457	442	46.74	0	221	14	13	1.08
SCAF_825	9446	810	85.75	0	405	42	24	1.75
SCAF_826	9385	822	87.59	0	411	42	36	1.17
SCAF_827	9376	616	65.70	0	308	32	26	1.23
SCAF_828	9365	366	39.08	0	183	11	11	1.00
SCAF_829	9320	706	75.75	0	353	39	27	1.44
SCAF_83	48542	8522	175.56	0	4261	203	547	0.37
SCAF_830	9303	1206	129.64	0	603	27	48	0.56
SCAF_831	9295	458	49.27	0	229	9	10	0.90
SCAF_832	9282	1104	118.94	0	552	36	49	0.73
SCAF_833	9263	452	48.80	0	226	11	22	0.50
SCAF_834	9159	1088	118.79	0	544	42	14	3.00
SCAF_835	9159	2336	255.05	0	1168	73	183	0.40
SCAF_836	9157	934	102.00	0	467	43	34	1.26
SCAF_837	9095	474	52.12	0	237	6	6	1.00
SCAF_838	9078	902	99.36	0	451	36	20	1.80
SCAF_839	9057	604	66.69	0	302	19	19	1.00
SCAF_84	47775	5548	116.13	0	2774	206	246	0.84
SCAF_840	9014	802	88.97	0	401	24	20	1.20
SCAF_841	8986	1142	127.09	0	571	65	56	1.16
SCAF_842	8986	332	36.95	0	166	9	8	1.12
SCAF_843	8952	524	58.53	0	262	20	31	0.65
SCAF_844	8935	634	70.96	0	317	22	13	1.69
SCAF_845	8927	932	104.40	0	466	52	40	1.30
SCAF_846	8908	1062	119.22	0	531	24	24	1.00
SCAF_847	8868	1180	133.06	0	590	53	59	0.90
SCAF_848	8867	1050	118.42	0	525	38	45	0.84
SCAF_849	8825	1130	128.05	0	565	63	52	1.21
SCAF_85	47318	6742	142.48	0	3371	384	354	1.08
SCAF_850	8771	930	106.03	0	465	26	33	0.79
SCAF_851	8703	2106	241.99	0	1053	75	141	0.53
SCAF_852	8695	236	27.14	0	118	7	2	3.50
SCAF_853	8662	96	11.08	0	48	0	0	0
SCAF_854	8634	840	97.29	0	420	20	27	0.74
SCAF_855	8630	594	68.83	0	297	14	21	0.67
SCAF_856	8617	6	0.70	0	3	0	0	0
SCAF_857	8469	1558	183.97	0	779	66	103	0.64
SCAF_858	8431	446	52.90	0	223	10	1	10.00
SCAF_859	8397	916	109.09	0	458	25	25	1.00
SCAF_86	46994	6098	129.76	0	3049	375	318	1.18
SCAF_860	8390	258	30.75	0	129	8	8	1.00
SCAF_861	8357	464	55.52	0	232	9	14	0.64
SCAF_862	8342	1444	173.10	0	722	44	44	1.00
SCAF_863	8337	872	104.59	0	436	23	27	0.85
SCAF_864	8258	568	68.78	0	284	20	21	0.95
SCAF_865	8103	766	94.53	0	383	23	29	0.79
SCAF_866	8034	664	82.65	0	332	29	27	1.07
SCAF_867	8027	868	108.14	0	434	40	43	0.93
SCAF_868	8017	968	120.74	0	484	28	44	0.64
SCAF_869	8015	454	56.64	0	227	17	11	1.55
SCAF_87	46805	6212	132.72	0	3106	410	271	1.51
SCAF_870	8015	1282	159.95	0	641	42	96	0.44
SCAF_871	8000	758	94.75	0	379	24	27	0.89
SCAF_872	7790	832	106.80	0	416	24	20	1.20
SCAF_873	7773	672	86.45	0	336	17	20	0.85
SCAF_874	7763	816	105.11	0	408	48	32	1.50
SCAF_875	7721	248	32.12	0	124	9	3	3.00
SCAF_876	7701	576	74.80	0	288	20	27	0.74
SCAF_877	7680	332	43.23	0	166	8	9	0.89
SCAF_878	7622	1216	159.54	0	608	29	54	0.54
SCAF_879	7582	372	49.06	0	186	17	17	1.00
SCAF_88	46738	11214	239.93	0	5607	419	873	0.48
SCAF_880	7559	668	88.37	0	334	27	30	0.90
SCAF_881	7416	2484	334.95	0	1242	155	61	2.54
SCAF_882	7394	1124	152.02	0	562	35	47	0.74
SCAF_883	7363	692	93.98	0	346	26	20	1.30
SCAF_884	7338	1454	198.15	0	727	42	133	0.32
SCAF_885	7324	280	38.23	0	140	3	8	0.38
SCAF_886	7276	260	35.73	0	130	5	8	0.62
SCAF_887	7242	422	58.27	0	211	15	16	0.94
SCAF_888	7231	496	68.59	0	248	11	11	1.00
SCAF_889	7198	342	47.51	0	171	9	10	0.90
SCAF_89	46547	4430	95.17	0	2215	242	262	0.92
SCAF_890	7142	668	93.53	0	334	20	18	1.11
SCAF_891	7028	652	92.77	0	326	28	36	0.78
SCAF_892	7025	792	112.74	0	396	25	30	0.83
SCAF_893	7015	988	140.84	0	494	34	58	0.59
SCAF_894	6958	1092	156.94	0	546	31	79	0.39
SCAF_895	6948	608	87.51	0	304	27	28	0.96
SCAF_896	6829	6	0.88	0	3	0	0	0
SCAF_897	6804	850	124.93	0	425	24	42	0.57
SCAF_898	6754	1930	285.76	0	965	170	55	3.09
SCAF_899	6732	1218	180.93	0	609	44	96	0.46
SCAF_9	1646134	0	0.00	0	0	0	0	0
SCAF_90	46221	4718	102.07	0	2359	168	222	0.76
SCAF_900	6698	390	58.23	0	195	21	11	1.91
SCAF_901	6642	926	139.42	0	463	24	65	0.37
SCAF_902	6588	696	105.65	0	348	28	26	1.08
SCAF_903	6549	716	109.33	0	358	38	33	1.15
SCAF_904	6496	1024	157.64	0	512	37	51	0.73
SCAF_905	6483	358	55.22	0	179	8	9	0.89
SCAF_906	6367	494	77.59	0	247	12	15	0.80
SCAF_907	6367	494	77.59	0	247	27	24	1.12
SCAF_908	6228	108	17.34	0	54	6	8	0.75
SCAF_909	6173	468	75.81	0	234	26	12	2.17
SCAF_91	44916	5438	121.07	0	2719	346	308	1.12
SCAF_910	6170	290	47.00	0	145	16	11	1.45
SCAF_911	6077	0	0.00	0	0	0	0	0
SCAF_912	6073	0	0.00	0	0	0	0	0
SCAF_913	6059	0	0.00	0	0	0	0	0
SCAF_914	6001	0	0.00	0	0	0	0	0
SCAF_915	5869	0	0.00	0	0	0	0	0
SCAF_916	5803	0	0.00	0	0	0	0	0
SCAF_917	5661	0	0.00	0	0	0	0	0
SCAF_918	5277	0	0.00	0	0	0	0	0
SCAF_92	44616	122	2.73	0	61	1	5	0.20
SCAF_93	44136	2562	58.05	0	1281	82	87	0.94
SCAF_94	43913	4506	102.61	0	2253	204	200	1.02
SCAF_95	43808	6240	142.44	0	3120	217	321	0.68
SCAF_96	43342	3848	88.78	0	1924	136	156	0.87
SCAF_97	43038	366	8.50	0	183	3	4	0.75
SCAF_98	42896	3506	81.73	0	1753	124	144	0.86
SCAF_99	42178	3786	89.76	0	1893	228	188	1.21
Totals	51514314	2951456	57.29	0	1475728	130638	135512	0.96
