Chromosome	Length	Total Variants	VarPerKb	SNP	INDEL	Ts	Tv	Ts/Tv
SCAF_1	5574741	0	0.00	0	0	0	0	0
SCAF_10	1570817	0	0.00	0	0	0	0	0
SCAF_100	41993	1732	41.24	866	0	544	322	1.69
SCAF_101	41585	1416	34.05	708	0	460	248	1.85
SCAF_102	41267	18	0.44	9	0	7	2	3.50
SCAF_103	41164	1842	44.75	921	0	536	385	1.39
SCAF_104	40984	1628	39.72	814	0	378	436	0.87
SCAF_105	40971	760	18.55	380	0	297	83	3.58
SCAF_106	40689	1206	29.64	603	0	428	175	2.45
SCAF_107	40038	1024	25.58	512	0	383	129	2.97
SCAF_108	39998	1166	29.15	583	0	410	173	2.37
SCAF_109	39904	1700	42.60	850	0	607	243	2.50
SCAF_11	1437752	42182	29.34	21091	0	15376	5715	2.69
SCAF_110	39605	1176	29.69	588	0	464	124	3.74
SCAF_111	39279	1542	39.26	771	0	439	332	1.32
SCAF_112	39164	38	0.97	19	0	17	2	8.50
SCAF_113	39049	1470	37.65	735	0	362	373	0.97
SCAF_114	38983	1434	36.79	717	0	500	217	2.30
SCAF_115	38824	1006	25.91	503	0	404	99	4.08
SCAF_116	37823	1066	28.18	533	0	397	136	2.92
SCAF_117	37728	26	0.69	13	0	8	5	1.60
SCAF_118	37705	1084	28.75	542	0	376	166	2.27
SCAF_119	37514	996	26.55	498	0	354	144	2.46
SCAF_12	978195	30186	30.86	15093	0	10992	4101	2.68
SCAF_120	37456	56	1.50	28	0	11	17	0.65
SCAF_121	37441	0	0.00	0	0	0	0	0
SCAF_122	37347	1102	29.51	551	0	418	133	3.14
SCAF_123	37222	1790	48.09	895	0	272	623	0.44
SCAF_124	36961	1046	28.30	523	0	390	133	2.93
SCAF_125	36710	1568	42.71	784	0	352	432	0.81
SCAF_126	36614	1364	37.25	682	0	424	258	1.64
SCAF_127	36584	984	26.90	492	0	347	145	2.39
SCAF_128	36068	1300	36.04	650	0	449	201	2.23
SCAF_129	35972	1078	29.97	539	0	399	140	2.85
SCAF_13	598471	23096	38.59	11548	0	7943	3605	2.20
SCAF_130	35925	1076	29.95	538	0	392	146	2.68
SCAF_131	35704	1418	39.72	709	0	416	293	1.42
SCAF_132	35264	1280	36.30	640	0	469	171	2.74
SCAF_133	35121	24	0.68	12	0	9	3	3.00
SCAF_134	35117	1018	28.99	509	0	352	157	2.24
SCAF_135	34903	1724	49.39	862	0	308	554	0.56
SCAF_136	34900	56	1.60	28	0	10	18	0.56
SCAF_137	34765	1462	42.05	731	0	337	394	0.86
SCAF_138	34687	1632	47.05	816	0	527	289	1.82
SCAF_139	34615	1048	30.28	524	0	370	154	2.40
SCAF_14	247525	778	3.14	389	0	185	204	0.91
SCAF_140	34599	22	0.64	11	0	4	7	0.57
SCAF_141	34497	932	27.02	466	0	300	166	1.81
SCAF_142	34440	30	0.87	15	0	6	9	0.67
SCAF_143	34384	1552	45.14	776	0	264	512	0.52
SCAF_144	34330	1386	40.37	693	0	319	374	0.85
SCAF_145	34087	1154	33.85	577	0	428	149	2.87
SCAF_146	33692	850	25.23	425	0	283	142	1.99
SCAF_147	33483	54	1.61	27	0	16	11	1.45
SCAF_148	33469	966	28.86	483	0	338	145	2.33
SCAF_149	33420	6	0.18	3	0	0	3	0.00
SCAF_15	224905	5600	24.90	2800	0	2026	774	2.62
SCAF_150	33347	1328	39.82	664	0	484	180	2.69
SCAF_151	33283	1262	37.92	631	0	384	247	1.55
SCAF_152	33266	1524	45.81	762	0	236	526	0.45
SCAF_153	33237	1678	50.49	839	0	449	390	1.15
SCAF_154	33139	1418	42.79	709	0	504	205	2.46
SCAF_155	33127	2	0.06	1	0	1	0	0
SCAF_156	32748	1644	50.20	822	0	509	313	1.63
SCAF_157	32666	964	29.51	482	0	273	209	1.31
SCAF_158	32618	1444	44.27	722	0	382	340	1.12
SCAF_159	32358	1388	42.90	694	0	396	298	1.33
SCAF_16	181804	5318	29.25	2659	0	1162	1497	0.78
SCAF_160	32136	1322	41.14	661	0	296	365	0.81
SCAF_161	32035	1148	35.84	574	0	266	308	0.86
SCAF_162	31954	1038	32.48	519	0	388	131	2.96
SCAF_163	31782	1202	37.82	601	0	328	273	1.20
SCAF_164	31669	1572	49.64	786	0	270	516	0.52
SCAF_165	31629	1208	38.19	604	0	442	162	2.73
SCAF_166	31581	1262	39.96	631	0	395	236	1.67
SCAF_167	31556	1350	42.78	675	0	436	239	1.82
SCAF_168	31421	1274	40.55	637	0	297	340	0.87
SCAF_169	31314	1432	45.73	716	0	181	535	0.34
SCAF_17	176395	6614	37.50	3307	0	2402	905	2.65
SCAF_170	31127	1442	46.33	721	0	443	278	1.59
SCAF_171	31061	32	1.03	16	0	4	12	0.33
SCAF_172	31059	1076	34.64	538	0	298	240	1.24
SCAF_173	30866	1218	39.46	609	0	388	221	1.76
SCAF_174	30739	26	0.85	13	0	4	9	0.44
SCAF_175	30330	1116	36.80	558	0	447	111	4.03
SCAF_176	30301	406	13.40	203	0	132	71	1.86
SCAF_177	30226	762	25.21	381	0	287	94	3.05
SCAF_178	30187	1078	35.71	539	0	385	154	2.50
SCAF_179	30183	1176	38.96	588	0	282	306	0.92
SCAF_18	160122	5202	32.49	2601	0	1931	670	2.88
SCAF_180	30131	1272	42.22	636	0	480	156	3.08
SCAF_181	30071	1148	38.18	574	0	407	167	2.44
SCAF_182	30032	1282	42.69	641	0	428	213	2.01
SCAF_183	30005	450	15.00	225	0	149	76	1.96
SCAF_184	29541	1260	42.65	630	0	428	202	2.12
SCAF_185	29415	1228	41.75	614	0	460	154	2.99
SCAF_186	29375	1224	41.67	612	0	294	318	0.92
SCAF_187	29360	660	22.48	330	0	210	120	1.75
SCAF_188	29327	790	26.94	395	0	272	123	2.21
SCAF_189	29236	1032	35.30	516	0	370	146	2.53
SCAF_19	139354	2994	21.48	1497	0	1228	269	4.57
SCAF_190	29216	1162	39.77	581	0	384	197	1.95
SCAF_191	29200	1374	47.05	687	0	422	265	1.59
SCAF_192	29083	66	2.27	33	0	20	13	1.54
SCAF_193	29081	1118	38.44	559	0	379	180	2.11
SCAF_194	28863	96	3.33	48	0	37	11	3.36
SCAF_195	28688	1296	45.18	648	0	414	234	1.77
SCAF_196	28688	1312	45.73	656	0	376	280	1.34
SCAF_197	28670	782	27.28	391	0	269	122	2.20
SCAF_198	28585	484	16.93	242	0	168	74	2.27
SCAF_199	28585	1008	35.26	504	0	373	131	2.85
SCAF_2	4079479	0	0.00	0	0	0	0	0
SCAF_20	131876	3482	26.40	1741	0	1291	450	2.87
SCAF_200	28563	1184	41.45	592	0	274	318	0.86
SCAF_201	28551	1324	46.37	662	0	428	234	1.83
SCAF_202	28219	944	33.45	472	0	212	260	0.82
SCAF_203	28217	836	29.63	418	0	334	84	3.98
SCAF_204	28187	1566	55.56	783	0	492	291	1.69
SCAF_205	28138	1408	50.04	704	0	205	499	0.41
SCAF_206	28111	772	27.46	386	0	187	199	0.94
SCAF_207	27959	1048	37.48	524	0	360	164	2.20
SCAF_208	27935	32	1.15	16	0	7	9	0.78
SCAF_209	27830	1022	36.72	511	0	249	262	0.95
SCAF_21	130124	3412	26.22	1706	0	1222	484	2.52
SCAF_210	27781	1350	48.59	675	0	271	404	0.67
SCAF_211	27774	962	34.64	481	0	328	153	2.14
SCAF_212	27772	712	25.64	356	0	236	120	1.97
SCAF_213	27728	800	28.85	400	0	303	97	3.12
SCAF_214	27690	1070	38.64	535	0	238	297	0.80
SCAF_215	27659	4	0.14	2	0	1	1	1.00
SCAF_216	27637	640	23.16	320	0	238	82	2.90
SCAF_217	27634	1060	38.36	530	0	368	162	2.27
SCAF_218	27594	730	26.46	365	0	260	105	2.48
SCAF_219	27563	1206	43.75	603	0	336	267	1.26
SCAF_22	121580	4024	33.10	2012	0	1422	590	2.41
SCAF_220	27545	796	28.90	398	0	268	130	2.06
SCAF_221	27530	1156	41.99	578	0	278	300	0.93
SCAF_222	27515	962	34.96	481	0	331	150	2.21
SCAF_223	27476	1206	43.89	603	0	352	251	1.40
SCAF_224	27450	1196	43.57	598	0	334	264	1.27
SCAF_225	27344	1318	48.20	659	0	480	179	2.68
SCAF_226	27270	484	17.75	242	0	165	77	2.14
SCAF_227	27232	1230	45.17	615	0	366	249	1.47
SCAF_228	27189	1172	43.11	586	0	329	257	1.28
SCAF_229	27037	868	32.10	434	0	295	139	2.12
SCAF_23	117381	3410	29.05	1705	0	1203	502	2.40
SCAF_230	26948	1004	37.26	502	0	393	109	3.61
SCAF_231	26899	962	35.76	481	0	214	267	0.80
SCAF_232	26856	1020	37.98	510	0	243	267	0.91
SCAF_233	26767	1282	47.89	641	0	466	175	2.66
SCAF_234	26700	0	0.00	0	0	0	0	0
SCAF_235	26660	18	0.68	9	0	3	6	0.50
SCAF_236	26499	1226	46.27	613	0	147	466	0.32
SCAF_237	26482	270	10.20	135	0	86	49	1.76
SCAF_238	26369	1138	43.16	569	0	311	258	1.21
SCAF_239	26171	972	37.14	486	0	204	282	0.72
SCAF_24	115879	4452	38.42	2226	0	1603	623	2.57
SCAF_240	26148	1198	45.82	599	0	392	207	1.89
SCAF_241	26131	1076	41.18	538	0	362	176	2.06
SCAF_242	26114	1082	41.43	541	0	142	399	0.36
SCAF_243	26085	1036	39.72	518	0	283	235	1.20
SCAF_244	26060	1438	55.18	719	0	440	279	1.58
SCAF_245	25968	924	35.58	462	0	231	231	1.00
SCAF_246	25946	24	0.92	12	0	4	8	0.50
SCAF_247	25940	904	34.85	452	0	306	146	2.10
SCAF_248	25895	922	35.61	461	0	280	181	1.55
SCAF_249	25885	1168	45.12	584	0	248	336	0.74
SCAF_25	115495	4344	37.61	2172	0	1459	713	2.05
SCAF_250	25884	566	21.87	283	0	205	78	2.63
SCAF_251	25874	1208	46.69	604	0	423	181	2.34
SCAF_252	25864	978	37.81	489	0	306	183	1.67
SCAF_253	25825	968	37.48	484	0	250	234	1.07
SCAF_254	25798	1184	45.90	592	0	376	216	1.74
SCAF_255	25728	1376	53.48	688	0	497	191	2.60
SCAF_256	25725	1042	40.51	521	0	306	215	1.42
SCAF_257	25720	312	12.13	156	0	111	45	2.47
SCAF_258	25700	1144	44.51	572	0	370	202	1.83
SCAF_259	25645	966	37.67	483	0	327	156	2.10
SCAF_26	113072	2600	22.99	1300	0	948	352	2.69
SCAF_260	25595	996	38.91	498	0	346	152	2.28
SCAF_261	25593	970	37.90	485	0	212	273	0.78
SCAF_262	25592	998	39.00	499	0	286	213	1.34
SCAF_263	25481	696	27.31	348	0	247	101	2.45
SCAF_264	25444	968	38.04	484	0	340	144	2.36
SCAF_265	25436	1268	49.85	634	0	254	380	0.67
SCAF_266	25377	728	28.69	364	0	271	93	2.91
SCAF_267	25340	852	33.62	426	0	317	109	2.91
SCAF_268	25329	1344	53.06	672	0	381	291	1.31
SCAF_269	25264	1234	48.84	617	0	394	223	1.77
SCAF_27	110609	2248	20.32	1124	0	883	241	3.66
SCAF_270	25225	1214	48.13	607	0	245	362	0.68
SCAF_271	25206	1088	43.16	544	0	311	233	1.33
SCAF_272	25161	684	27.18	342	0	229	113	2.03
SCAF_273	25090	1072	42.73	536	0	340	196	1.73
SCAF_274	24834	1248	50.25	624	0	312	312	1.00
SCAF_275	24832	660	26.58	330	0	235	95	2.47
SCAF_276	24811	674	27.17	337	0	249	88	2.83
SCAF_277	24713	508	20.56	254	0	190	64	2.97
SCAF_278	24673	1260	51.07	630	0	205	425	0.48
SCAF_279	24542	904	36.83	452	0	226	226	1.00
SCAF_28	109542	3140	28.66	1570	0	1228	342	3.59
SCAF_280	24528	1126	45.91	563	0	369	194	1.90
SCAF_281	24435	830	33.97	415	0	254	161	1.58
SCAF_282	24359	1138	46.72	569	0	339	230	1.47
SCAF_283	24173	728	30.12	364	0	271	93	2.91
SCAF_284	24152	12	0.50	6	0	2	4	0.50
SCAF_285	24110	980	40.65	490	0	295	195	1.51
SCAF_286	24066	676	28.09	338	0	225	113	1.99
SCAF_287	23981	760	31.69	380	0	237	143	1.66
SCAF_288	23980	1094	45.62	547	0	285	262	1.09
SCAF_289	23950	1076	44.93	538	0	360	178	2.02
SCAF_29	108319	3008	27.77	1504	0	1135	369	3.08
SCAF_290	23945	988	41.26	494	0	324	170	1.91
SCAF_291	23886	812	33.99	406	0	237	169	1.40
SCAF_292	23860	580	24.31	290	0	182	108	1.69
SCAF_293	23814	834	35.02	417	0	200	217	0.92
SCAF_294	23796	992	41.69	496	0	139	357	0.39
SCAF_295	23767	852	35.85	426	0	205	221	0.93
SCAF_296	23762	1168	49.15	584	0	326	258	1.26
SCAF_297	23695	606	25.58	303	0	235	68	3.46
SCAF_298	23666	886	37.44	443	0	250	193	1.30
SCAF_299	23648	954	40.34	477	0	352	125	2.82
SCAF_3	3666439	0	0.00	0	0	0	0	0
SCAF_30	107902	5718	52.99	2859	0	1941	918	2.11
SCAF_300	23643	4	0.17	2	0	2	0	0
SCAF_301	23638	1122	47.47	561	0	423	138	3.07
SCAF_302	23633	1060	44.85	530	0	131	399	0.33
SCAF_303	23629	896	37.92	448	0	198	250	0.79
SCAF_304	23571	696	29.53	348	0	265	83	3.19
SCAF_305	23555	662	28.10	331	0	243	88	2.76
SCAF_306	23322	460	19.72	230	0	161	69	2.33
SCAF_307	23295	1058	45.42	529	0	168	361	0.47
SCAF_308	23075	0	0.00	0	0	0	0	0
SCAF_309	23057	938	40.68	469	0	215	254	0.85
SCAF_31	106626	3526	33.07	1763	0	1298	465	2.79
SCAF_310	23011	896	38.94	448	0	200	248	0.81
SCAF_311	22999	758	32.96	379	0	237	142	1.67
SCAF_312	22896	970	42.37	485	0	196	289	0.68
SCAF_313	22877	1106	48.35	553	0	411	142	2.89
SCAF_314	22871	28	1.22	14	0	9	5	1.80
SCAF_315	22844	1088	47.63	544	0	377	167	2.26
SCAF_316	22844	1170	51.22	585	0	367	218	1.68
SCAF_317	22833	1260	55.18	630	0	378	252	1.50
SCAF_318	22713	926	40.77	463	0	265	198	1.34
SCAF_319	22685	956	42.14	478	0	303	175	1.73
SCAF_32	102192	3304	32.33	1652	0	1193	459	2.60
SCAF_320	22653	1078	47.59	539	0	313	226	1.38
SCAF_321	22554	1066	47.26	533	0	273	260	1.05
SCAF_322	22539	912	40.46	456	0	210	246	0.85
SCAF_323	22525	686	30.46	343	0	260	83	3.13
SCAF_324	22489	552	24.55	276	0	212	64	3.31
SCAF_325	22468	596	26.53	298	0	211	87	2.43
SCAF_326	22392	0	0.00	0	0	0	0	0
SCAF_327	22337	672	30.08	336	0	208	128	1.62
SCAF_328	22280	4	0.18	2	0	1	1	1.00
SCAF_329	22245	976	43.88	488	0	321	167	1.92
SCAF_33	98221	3106	31.62	1553	0	1106	447	2.47
SCAF_330	22040	884	40.11	442	0	274	168	1.63
SCAF_331	22029	816	37.04	408	0	233	175	1.33
SCAF_332	21923	946	43.15	473	0	240	233	1.03
SCAF_333	21867	874	39.97	437	0	347	90	3.86
SCAF_334	21813	904	41.44	452	0	241	211	1.14
SCAF_335	21800	694	31.83	347	0	249	98	2.54
SCAF_336	21691	1000	46.10	500	0	324	176	1.84
SCAF_337	21675	794	36.63	397	0	219	178	1.23
SCAF_338	21621	1118	51.71	559	0	342	217	1.58
SCAF_339	21529	1040	48.31	520	0	300	220	1.36
SCAF_34	97882	2874	29.36	1437	0	1052	385	2.73
SCAF_340	21472	942	43.87	471	0	333	138	2.41
SCAF_341	21449	848	39.54	424	0	200	224	0.89
SCAF_342	21444	624	29.10	312	0	236	76	3.11
SCAF_343	21365	912	42.69	456	0	225	231	0.97
SCAF_344	21355	308	14.42	154	0	118	36	3.28
SCAF_345	21334	912	42.75	456	0	208	248	0.84
SCAF_346	21294	0	0.00	0	0	0	0	0
SCAF_347	21288	922	43.31	461	0	268	193	1.39
SCAF_348	21209	270	12.73	135	0	103	32	3.22
SCAF_349	21199	896	42.27	448	0	277	171	1.62
SCAF_35	95705	4796	50.11	2398	0	1370	1028	1.33
SCAF_350	21189	792	37.38	396	0	224	172	1.30
SCAF_351	21106	560	26.53	280	0	193	87	2.22
SCAF_352	21098	440	20.86	220	0	151	69	2.19
SCAF_353	21078	634	30.08	317	0	225	92	2.45
SCAF_354	20991	1076	51.26	538	0	351	187	1.88
SCAF_355	20981	1006	47.95	503	0	346	157	2.20
SCAF_356	20980	826	39.37	413	0	174	239	0.73
SCAF_357	20976	876	41.76	438	0	293	145	2.02
SCAF_358	20871	704	33.73	352	0	223	129	1.73
SCAF_359	20831	936	44.93	468	0	299	169	1.77
SCAF_36	94431	1822	19.29	911	0	688	223	3.09
SCAF_360	20777	970	46.69	485	0	310	175	1.77
SCAF_361	20737	866	41.76	433	0	270	163	1.66
SCAF_362	20702	898	43.38	449	0	279	170	1.64
SCAF_363	20586	58	2.82	29	0	17	12	1.42
SCAF_364	20574	768	37.33	384	0	303	81	3.74
SCAF_365	20553	462	22.48	231	0	152	79	1.92
SCAF_366	20522	902	43.95	451	0	334	117	2.85
SCAF_367	20517	744	36.26	372	0	264	108	2.44
SCAF_368	20452	240	11.73	120	0	82	38	2.16
SCAF_369	20438	654	32.00	327	0	248	79	3.14
SCAF_37	92851	2896	31.19	1448	0	1103	345	3.20
SCAF_370	20350	1038	51.01	519	0	313	206	1.52
SCAF_371	20349	998	49.04	499	0	289	210	1.38
SCAF_372	20285	754	37.17	377	0	319	58	5.50
SCAF_373	20282	994	49.01	497	0	363	134	2.71
SCAF_374	20282	20	0.99	10	0	6	4	1.50
SCAF_375	20179	708	35.09	354	0	216	138	1.57
SCAF_376	20174	806	39.95	403	0	192	211	0.91
SCAF_377	20160	820	40.67	410	0	195	215	0.91
SCAF_378	20157	0	0.00	0	0	0	0	0
SCAF_379	20150	240	11.91	120	0	79	41	1.93
SCAF_38	89142	2302	25.82	1151	0	822	329	2.50
SCAF_380	20140	974	48.36	487	0	294	193	1.52
SCAF_381	20082	810	40.33	405	0	209	196	1.07
SCAF_382	20068	922	45.94	461	0	306	155	1.97
SCAF_383	20052	808	40.30	404	0	269	135	1.99
SCAF_384	20039	356	17.77	178	0	117	61	1.92
SCAF_385	20036	686	34.24	343	0	255	88	2.90
SCAF_386	20004	766	38.29	383	0	178	205	0.87
SCAF_387	19967	866	43.37	433	0	203	230	0.88
SCAF_388	19953	610	30.57	305	0	218	87	2.51
SCAF_389	19874	722	36.33	361	0	244	117	2.09
SCAF_39	88257	3694	41.86	1847	0	1183	664	1.78
SCAF_390	19870	20	1.01	10	0	2	8	0.25
SCAF_391	19819	1080	54.49	540	0	298	242	1.23
SCAF_392	19814	648	32.70	324	0	191	133	1.44
SCAF_393	19805	176	8.89	88	0	67	21	3.19
SCAF_394	19796	774	39.10	387	0	165	222	0.74
SCAF_395	19788	42	2.12	21	0	9	12	0.75
SCAF_396	19769	806	40.77	403	0	189	214	0.88
SCAF_397	19737	592	29.99	296	0	225	71	3.17
SCAF_398	19694	886	44.99	443	0	247	196	1.26
SCAF_399	19627	674	34.34	337	0	149	188	0.79
SCAF_4	2601389	0	0.00	0	0	0	0	0
SCAF_40	85354	2566	30.06	1283	0	932	351	2.66
SCAF_400	19559	714	36.50	357	0	229	128	1.79
SCAF_401	19529	904	46.29	452	0	292	160	1.82
SCAF_402	19485	856	43.93	428	0	288	140	2.06
SCAF_403	19440	614	31.58	307	0	226	81	2.79
SCAF_404	19429	758	39.01	379	0	263	116	2.27
SCAF_405	19412	610	31.42	305	0	211	94	2.24
SCAF_406	19412	808	41.62	404	0	236	168	1.40
SCAF_407	19392	794	40.94	397	0	229	168	1.36
SCAF_408	19383	700	36.11	350	0	222	128	1.73
SCAF_409	19350	948	48.99	474	0	338	136	2.49
SCAF_41	82239	2160	26.26	1080	0	821	259	3.17
SCAF_410	19334	730	37.76	365	0	180	185	0.97
SCAF_411	19319	434	22.46	217	0	125	92	1.36
SCAF_412	19298	516	26.74	258	0	199	59	3.37
SCAF_413	19281	588	30.50	294	0	198	96	2.06
SCAF_414	19250	690	35.84	345	0	259	86	3.01
SCAF_415	19240	868	45.11	434	0	290	144	2.01
SCAF_416	19198	676	35.21	338	0	232	106	2.19
SCAF_417	19156	1028	53.66	514	0	305	209	1.46
SCAF_418	19069	0	0.00	0	0	0	0	0
SCAF_419	19061	238	12.49	119	0	78	41	1.90
SCAF_42	77162	1914	24.80	957	0	694	263	2.64
SCAF_420	19040	930	48.84	465	0	267	198	1.35
SCAF_421	19012	748	39.34	374	0	185	189	0.98
SCAF_422	18950	126	6.65	63	0	46	17	2.71
SCAF_423	18945	896	47.29	448	0	170	278	0.61
SCAF_424	18943	800	42.23	400	0	262	138	1.90
SCAF_425	18932	874	46.17	437	0	266	171	1.56
SCAF_426	18882	726	38.45	363	0	212	151	1.40
SCAF_427	18874	574	30.41	287	0	205	82	2.50
SCAF_428	18866	518	27.46	259	0	196	63	3.11
SCAF_429	18866	688	36.47	344	0	244	100	2.44
SCAF_43	76714	2166	28.23	1083	0	789	294	2.68
SCAF_430	18815	984	52.30	492	0	208	284	0.73
SCAF_431	18805	546	29.03	273	0	173	100	1.73
SCAF_432	18790	666	35.44	333	0	250	83	3.01
SCAF_433	18773	738	39.31	369	0	246	123	2.00
SCAF_434	18766	582	31.01	291	0	212	79	2.68
SCAF_435	18753	264	14.08	132	0	101	31	3.26
SCAF_436	18746	74	3.95	37	0	32	5	6.40
SCAF_437	18721	914	48.82	457	0	153	304	0.50
SCAF_438	18669	750	40.17	375	0	242	133	1.82
SCAF_439	18588	526	28.30	263	0	200	63	3.17
SCAF_44	76272	3034	39.78	1517	0	1100	417	2.64
SCAF_440	18561	878	47.30	439	0	255	184	1.39
SCAF_441	18530	626	33.78	313	0	227	86	2.64
SCAF_442	18489	880	47.60	440	0	301	139	2.17
SCAF_443	18479	654	35.39	327	0	204	123	1.66
SCAF_444	18424	288	15.63	144	0	105	39	2.69
SCAF_445	18396	770	41.86	385	0	177	208	0.85
SCAF_446	18392	174	9.46	87	0	56	31	1.81
SCAF_447	18255	778	42.62	389	0	224	165	1.36
SCAF_448	18252	650	35.61	325	0	223	102	2.19
SCAF_449	18248	744	40.77	372	0	178	194	0.92
SCAF_45	73110	3346	45.77	1673	0	472	1201	0.39
SCAF_450	18208	714	39.21	357	0	232	125	1.86
SCAF_451	18202	540	29.67	270	0	188	82	2.29
SCAF_452	18192	748	41.12	374	0	223	151	1.48
SCAF_453	18150	606	33.39	303	0	210	93	2.26
SCAF_454	18134	866	47.76	433	0	244	189	1.29
SCAF_455	18114	844	46.59	422	0	271	151	1.79
SCAF_456	18112	726	40.08	363	0	255	108	2.36
SCAF_457	18054	680	37.66	340	0	266	74	3.59
SCAF_458	18006	718	39.88	359	0	178	181	0.98
SCAF_459	18000	804	44.67	402	0	213	189	1.13
SCAF_46	72118	2358	32.70	1179	0	903	276	3.27
SCAF_460	17967	602	33.51	301	0	216	85	2.54
SCAF_461	17943	676	37.67	338	0	202	136	1.49
SCAF_462	17929	732	40.83	366	0	268	98	2.73
SCAF_463	17921	486	27.12	243	0	125	118	1.06
SCAF_464	17913	728	40.64	364	0	181	183	0.99
SCAF_465	17912	690	38.52	345	0	187	158	1.18
SCAF_466	17886	350	19.57	175	0	107	68	1.57
SCAF_467	17859	368	20.61	184	0	143	41	3.49
SCAF_468	17837	536	30.05	268	0	189	79	2.39
SCAF_469	17802	682	38.31	341	0	201	140	1.44
SCAF_47	70166	2046	29.16	1023	0	724	299	2.42
SCAF_470	17776	518	29.14	259	0	190	69	2.75
SCAF_471	17682	792	44.79	396	0	231	165	1.40
SCAF_472	17646	474	26.86	237	0	179	58	3.09
SCAF_473	17646	286	16.21	143	0	103	40	2.58
SCAF_474	17642	20	1.13	10	0	3	7	0.43
SCAF_475	17613	68	3.86	34	0	21	13	1.62
SCAF_476	17602	816	46.36	408	0	244	164	1.49
SCAF_477	17571	706	40.18	353	0	215	138	1.56
SCAF_478	17535	702	40.03	351	0	182	169	1.08
SCAF_479	17528	730	41.65	365	0	200	165	1.21
SCAF_48	69627	2412	34.64	1206	0	875	331	2.64
SCAF_480	17503	716	40.91	358	0	181	177	1.02
SCAF_481	17502	754	43.08	377	0	239	138	1.73
SCAF_482	17480	934	53.43	467	0	281	186	1.51
SCAF_483	17476	860	49.21	430	0	279	151	1.85
SCAF_484	17457	402	23.03	201	0	137	64	2.14
SCAF_485	17386	634	36.47	317	0	153	164	0.93
SCAF_486	17362	800	46.08	400	0	227	173	1.31
SCAF_487	17332	700	40.39	350	0	171	179	0.96
SCAF_488	17327	756	43.63	378	0	196	182	1.08
SCAF_489	17303	600	34.68	300	0	131	169	0.78
SCAF_49	69624	2340	33.61	1170	0	788	382	2.06
SCAF_490	17273	778	45.04	389	0	117	272	0.43
SCAF_491	17245	936	54.28	468	0	314	154	2.04
SCAF_492	17239	734	42.58	367	0	106	261	0.41
SCAF_493	17219	598	34.73	299	0	139	160	0.87
SCAF_494	17218	630	36.59	315	0	179	136	1.32
SCAF_495	17211	948	55.08	474	0	318	156	2.04
SCAF_496	17198	906	52.68	453	0	158	295	0.54
SCAF_497	17190	772	44.91	386	0	216	170	1.27
SCAF_498	17162	408	23.77	204	0	146	58	2.52
SCAF_499	17147	736	42.92	368	0	189	179	1.06
SCAF_5	2032088	0	0.00	0	0	0	0	0
SCAF_50	68258	2264	33.17	1132	0	797	335	2.38
SCAF_500	17144	762	44.45	381	0	214	167	1.28
SCAF_501	17142	572	33.37	286	0	168	118	1.42
SCAF_502	17124	436	25.46	218	0	163	55	2.96
SCAF_503	17118	6	0.35	3	0	1	2	0.50
SCAF_504	17076	212	12.42	106	0	94	12	7.83
SCAF_505	17047	26	1.53	13	0	3	10	0.30
SCAF_506	17043	362	21.24	181	0	126	55	2.29
SCAF_507	17035	550	32.29	275	0	195	80	2.44
SCAF_508	17021	522	30.67	261	0	193	68	2.84
SCAF_509	16971	654	38.54	327	0	157	170	0.92
SCAF_51	66966	1438	21.47	719	0	553	166	3.33
SCAF_510	16897	540	31.96	270	0	188	82	2.29
SCAF_511	16849	728	43.21	364	0	212	152	1.39
SCAF_512	16807	690	41.05	345	0	206	139	1.48
SCAF_513	16787	648	38.60	324	0	184	140	1.31
SCAF_514	16784	732	43.61	366	0	166	200	0.83
SCAF_515	16776	674	40.18	337	0	182	155	1.17
SCAF_516	16745	644	38.46	322	0	235	87	2.70
SCAF_517	16741	596	35.60	298	0	123	175	0.70
SCAF_518	16733	520	31.08	260	0	193	67	2.88
SCAF_519	16710	626	37.46	313	0	171	142	1.20
SCAF_52	66855	1438	21.51	719	0	510	209	2.44
SCAF_520	16702	12	0.72	6	0	3	3	1.00
SCAF_521	16701	828	49.58	414	0	260	154	1.69
SCAF_522	16645	846	50.83	423	0	302	121	2.50
SCAF_523	16623	566	34.05	283	0	147	136	1.08
SCAF_524	16568	538	32.47	269	0	177	92	1.92
SCAF_525	16548	724	43.75	362	0	224	138	1.62
SCAF_526	16541	814	49.21	407	0	114	293	0.39
SCAF_527	16518	4	0.24	2	0	0	2	0.00
SCAF_528	16510	666	40.34	333	0	112	221	0.51
SCAF_529	16492	460	27.89	230	0	174	56	3.11
SCAF_53	65552	1812	27.64	906	0	632	274	2.31
SCAF_530	16462	354	21.50	177	0	142	35	4.06
SCAF_531	16461	754	45.81	377	0	245	132	1.86
SCAF_532	16447	510	31.01	255	0	181	74	2.45
SCAF_533	16383	610	37.23	305	0	219	86	2.55
SCAF_534	16345	686	41.97	343	0	165	178	0.93
SCAF_535	16343	800	48.95	400	0	272	128	2.12
SCAF_536	16333	792	48.49	396	0	260	136	1.91
SCAF_537	16287	386	23.70	193	0	132	61	2.16
SCAF_538	16266	808	49.67	404	0	198	206	0.96
SCAF_539	16246	742	45.67	371	0	252	119	2.12
SCAF_54	65267	1452	22.25	726	0	546	180	3.03
SCAF_540	16245	846	52.08	423	0	262	161	1.63
SCAF_541	16215	724	44.65	362	0	208	154	1.35
SCAF_542	16208	418	25.79	209	0	141	68	2.07
SCAF_543	16160	674	41.71	337	0	145	192	0.76
SCAF_544	16140	592	36.68	296	0	185	111	1.67
SCAF_545	16102	756	46.95	378	0	252	126	2.00
SCAF_546	16083	618	38.43	309	0	172	137	1.26
SCAF_547	16037	794	49.51	397	0	261	136	1.92
SCAF_548	16034	644	40.16	322	0	207	115	1.80
SCAF_549	16030	734	45.79	367	0	235	132	1.78
SCAF_55	65114	2026	31.11	1013	0	732	281	2.60
SCAF_550	16027	788	49.17	394	0	261	133	1.96
SCAF_551	15990	386	24.14	193	0	149	44	3.39
SCAF_552	15913	506	31.80	253	0	192	61	3.15
SCAF_553	15906	422	26.53	211	0	165	46	3.59
SCAF_554	15898	672	42.27	336	0	176	160	1.10
SCAF_555	15891	624	39.27	312	0	177	135	1.31
SCAF_556	15885	656	41.30	328	0	177	151	1.17
SCAF_557	15855	720	45.41	360	0	235	125	1.88
SCAF_558	15839	654	41.29	327	0	199	128	1.55
SCAF_559	15827	578	36.52	289	0	143	146	0.98
SCAF_56	62812	2064	32.86	1032	0	722	310	2.33
SCAF_560	15823	396	25.03	198	0	156	42	3.71
SCAF_561	15791	538	34.07	269	0	122	147	0.83
SCAF_562	15777	14	0.89	7	0	5	2	2.50
SCAF_563	15776	432	27.38	216	0	159	57	2.79
SCAF_564	15761	732	46.44	366	0	98	268	0.37
SCAF_565	15717	718	45.68	359	0	192	167	1.15
SCAF_566	15706	630	40.11	315	0	204	111	1.84
SCAF_567	15696	704	44.85	352	0	208	144	1.44
SCAF_568	15657	584	37.30	292	0	128	164	0.78
SCAF_569	15650	434	27.73	217	0	170	47	3.62
SCAF_57	62187	1852	29.78	926	0	700	226	3.10
SCAF_570	15646	660	42.18	330	0	254	76	3.34
SCAF_571	15619	606	38.80	303	0	191	112	1.71
SCAF_572	15612	720	46.12	360	0	217	143	1.52
SCAF_573	15605	702	44.99	351	0	202	149	1.36
SCAF_574	15575	562	36.08	281	0	210	71	2.96
SCAF_575	15573	424	27.23	212	0	125	87	1.44
SCAF_576	15571	762	48.94	381	0	248	133	1.86
SCAF_577	15544	612	39.37	306	0	160	146	1.10
SCAF_578	15521	508	32.73	254	0	163	91	1.79
SCAF_579	15497	714	46.07	357	0	202	155	1.30
SCAF_58	61544	2542	41.30	1271	0	688	583	1.18
SCAF_580	15481	514	33.20	257	0	124	133	0.93
SCAF_581	15458	418	27.04	209	0	164	45	3.64
SCAF_582	15439	482	31.22	241	0	155	86	1.80
SCAF_583	15421	602	39.04	301	0	254	47	5.40
SCAF_584	15337	818	53.34	409	0	297	112	2.65
SCAF_585	15336	682	44.47	341	0	209	132	1.58
SCAF_586	15301	612	40.00	306	0	173	133	1.30
SCAF_587	15300	202	13.20	101	0	83	18	4.61
SCAF_588	15298	620	40.53	310	0	157	153	1.03
SCAF_589	15238	508	33.34	254	0	193	61	3.16
SCAF_59	61533	1462	23.76	731	0	552	179	3.08
SCAF_590	15205	314	20.65	157	0	108	49	2.20
SCAF_591	15162	222	14.64	111	0	84	27	3.11
SCAF_592	15154	618	40.78	309	0	124	185	0.67
SCAF_593	15087	706	46.80	353	0	151	202	0.75
SCAF_594	15082	342	22.68	171	0	131	40	3.27
SCAF_595	15055	518	34.41	259	0	168	91	1.85
SCAF_596	15045	848	56.36	424	0	243	181	1.34
SCAF_597	15030	616	40.98	308	0	85	223	0.38
SCAF_598	15027	576	38.33	288	0	199	89	2.24
SCAF_599	15000	310	20.67	155	0	130	25	5.20
SCAF_6	1976889	0	0.00	0	0	0	0	0
SCAF_60	61411	1592	25.92	796	0	573	223	2.57
SCAF_600	14995	610	40.68	305	0	224	81	2.77
SCAF_601	14985	328	21.89	164	0	122	42	2.90
SCAF_602	14930	614	41.13	307	0	138	169	0.82
SCAF_603	14898	466	31.28	233	0	125	108	1.16
SCAF_604	14863	690	46.42	345	0	183	162	1.13
SCAF_605	14840	748	50.40	374	0	227	147	1.54
SCAF_606	14808	424	28.63	212	0	115	97	1.19
SCAF_607	14807	384	25.93	192	0	155	37	4.19
SCAF_608	14785	614	41.53	307	0	224	83	2.70
SCAF_609	14742	60	4.07	30	0	22	8	2.75
SCAF_61	61115	1760	28.80	880	0	693	187	3.71
SCAF_610	14738	648	43.97	324	0	183	141	1.30
SCAF_611	14737	174	11.81	87	0	59	28	2.11
SCAF_612	14712	16	1.09	8	0	1	7	0.14
SCAF_613	14708	350	23.80	175	0	128	47	2.72
SCAF_614	14694	452	30.76	226	0	153	73	2.10
SCAF_615	14684	666	45.36	333	0	190	143	1.33
SCAF_616	14676	538	36.66	269	0	170	99	1.72
SCAF_617	14662	560	38.19	280	0	219	61	3.59
SCAF_618	14658	682	46.53	341	0	168	173	0.97
SCAF_619	14650	464	31.67	232	0	166	66	2.52
SCAF_62	59972	2050	34.18	1025	0	723	302	2.39
SCAF_620	14639	488	33.34	244	0	183	61	3.00
SCAF_621	14614	410	28.06	205	0	106	99	1.07
SCAF_622	14596	648	44.40	324	0	255	69	3.70
SCAF_623	14590	594	40.71	297	0	224	73	3.07
SCAF_624	14581	530	36.35	265	0	162	103	1.57
SCAF_625	14547	566	38.91	283	0	219	64	3.42
SCAF_626	14527	648	44.61	324	0	192	132	1.45
SCAF_627	14523	618	42.55	309	0	147	162	0.91
SCAF_628	14498	382	26.35	191	0	111	80	1.39
SCAF_629	14453	622	43.04	311	0	172	139	1.24
SCAF_63	59743	2854	47.77	1427	0	884	543	1.63
SCAF_630	14414	430	29.83	215	0	125	90	1.39
SCAF_631	14395	584	40.57	292	0	146	146	1.00
SCAF_632	14385	660	45.88	330	0	90	240	0.38
SCAF_633	14371	592	41.19	296	0	188	108	1.74
SCAF_634	14371	494	34.37	247	0	150	97	1.55
SCAF_635	14280	594	41.60	297	0	183	114	1.61
SCAF_636	14276	570	39.93	285	0	144	141	1.02
SCAF_637	14236	294	20.65	147	0	89	58	1.53
SCAF_638	14229	606	42.59	303	0	160	143	1.12
SCAF_639	14202	574	40.42	287	0	165	122	1.35
SCAF_64	58841	2036	34.60	1018	0	729	289	2.52
SCAF_640	14111	740	52.44	370	0	262	108	2.43
SCAF_641	14088	502	35.63	251	0	117	134	0.87
SCAF_642	14005	566	40.41	283	0	121	162	0.75
SCAF_643	13977	8	0.57	4	0	1	3	0.33
SCAF_644	13890	686	49.39	343	0	226	117	1.93
SCAF_645	13875	608	43.82	304	0	117	187	0.63
SCAF_646	13874	358	25.80	179	0	132	47	2.81
SCAF_647	13848	544	39.28	272	0	138	134	1.03
SCAF_648	13847	586	42.32	293	0	181	112	1.62
SCAF_649	13838	458	33.10	229	0	150	79	1.90
SCAF_65	58838	2074	35.25	1037	0	755	282	2.68
SCAF_650	13812	604	43.73	302	0	201	101	1.99
SCAF_651	13758	264	19.19	132	0	101	31	3.26
SCAF_652	13727	648	47.21	324	0	148	176	0.84
SCAF_653	13703	470	34.30	235	0	145	90	1.61
SCAF_654	13701	562	41.02	281	0	166	115	1.44
SCAF_655	13677	656	47.96	328	0	230	98	2.35
SCAF_656	13622	600	44.05	300	0	149	151	0.99
SCAF_657	13584	674	49.62	337	0	232	105	2.21
SCAF_658	13583	582	42.85	291	0	144	147	0.98
SCAF_659	13535	532	39.31	266	0	128	138	0.93
SCAF_66	58483	1672	28.59	836	0	581	255	2.28
SCAF_660	13535	658	48.61	329	0	187	142	1.32
SCAF_661	13499	634	46.97	317	0	177	140	1.26
SCAF_662	13464	464	34.46	232	0	168	64	2.62
SCAF_663	13438	458	34.08	229	0	191	38	5.03
SCAF_664	13385	12	0.90	6	0	2	4	0.50
SCAF_665	13357	618	46.27	309	0	197	112	1.76
SCAF_666	13330	608	45.61	304	0	165	139	1.19
SCAF_667	13327	586	43.97	293	0	205	88	2.33
SCAF_668	13319	528	39.64	264	0	180	84	2.14
SCAF_669	13303	580	43.60	290	0	181	109	1.66
SCAF_67	57162	1394	24.39	697	0	556	141	3.94
SCAF_670	13293	508	38.22	254	0	91	163	0.56
SCAF_671	13288	320	24.08	160	0	119	41	2.90
SCAF_672	13266	504	37.99	252	0	124	128	0.97
SCAF_673	13189	292	22.14	146	0	107	39	2.74
SCAF_674	13149	320	24.34	160	0	112	48	2.33
SCAF_675	13128	498	37.93	249	0	178	71	2.51
SCAF_676	13120	150	11.43	75	0	48	27	1.78
SCAF_677	13080	580	44.34	290	0	181	109	1.66
SCAF_678	13050	512	39.23	256	0	131	125	1.05
SCAF_679	13043	572	43.85	286	0	171	115	1.49
SCAF_68	56404	1874	33.22	937	0	743	194	3.83
SCAF_680	13008	512	39.36	256	0	162	94	1.72
SCAF_681	13001	406	31.23	203	0	127	76	1.67
SCAF_682	12997	438	33.70	219	0	153	66	2.32
SCAF_683	12986	528	40.66	264	0	130	134	0.97
SCAF_684	12871	664	51.59	332	0	212	120	1.77
SCAF_685	12842	694	54.04	347	0	178	169	1.05
SCAF_686	12830	560	43.65	280	0	184	96	1.92
SCAF_687	12781	580	45.38	290	0	131	159	0.82
SCAF_688	12768	404	31.64	202	0	159	43	3.70
SCAF_689	12768	504	39.47	252	0	118	134	0.88
SCAF_69	55942	2418	43.22	1209	0	634	575	1.10
SCAF_690	12764	508	39.80	254	0	148	106	1.40
SCAF_691	12677	572	45.12	286	0	194	92	2.11
SCAF_692	12675	514	40.55	257	0	162	95	1.71
SCAF_693	12651	562	44.42	281	0	192	89	2.16
SCAF_694	12646	378	29.89	189	0	131	58	2.26
SCAF_695	12643	270	21.36	135	0	96	39	2.46
SCAF_696	12633	456	36.10	228	0	123	105	1.17
SCAF_697	12625	556	44.04	278	0	120	158	0.76
SCAF_698	12617	386	30.59	193	0	133	60	2.22
SCAF_699	12540	530	42.26	265	0	157	108	1.45
SCAF_7	1932263	0	0.00	0	0	0	0	0
SCAF_70	55722	1726	30.98	863	0	606	257	2.36
SCAF_700	12515	904	72.23	452	0	326	126	2.59
SCAF_701	12482	562	45.02	281	0	162	119	1.36
SCAF_702	12461	510	40.93	255	0	188	67	2.81
SCAF_703	12456	426	34.20	213	0	166	47	3.53
SCAF_704	12456	374	30.03	187	0	141	46	3.07
SCAF_705	12358	386	31.23	193	0	132	61	2.16
SCAF_706	12350	400	32.39	200	0	133	67	1.99
SCAF_707	12343	540	43.75	270	0	179	91	1.97
SCAF_708	12333	484	39.24	242	0	151	91	1.66
SCAF_709	12319	14	1.14	7	0	4	3	1.33
SCAF_71	55604	1802	32.41	901	0	689	212	3.25
SCAF_710	12288	454	36.95	227	0	138	89	1.55
SCAF_711	12252	374	30.53	187	0	140	47	2.98
SCAF_712	12218	728	59.58	364	0	230	134	1.72
SCAF_713	12177	258	21.19	129	0	109	20	5.45
SCAF_714	12167	594	48.82	297	0	202	95	2.13
SCAF_715	12163	204	16.77	102	0	43	59	0.73
SCAF_716	12143	424	34.92	212	0	94	118	0.80
SCAF_717	12102	400	33.05	200	0	147	53	2.77
SCAF_718	12099	540	44.63	270	0	129	141	0.91
SCAF_719	12095	560	46.30	280	0	168	112	1.50
SCAF_72	54709	2582	47.20	1291	0	452	839	0.54
SCAF_720	12085	592	48.99	296	0	198	98	2.02
SCAF_721	12078	554	45.87	277	0	180	97	1.86
SCAF_722	12066	430	35.64	215	0	175	40	4.38
SCAF_723	12015	474	39.45	237	0	98	139	0.71
SCAF_724	12004	414	34.49	207	0	131	76	1.72
SCAF_725	11949	490	41.01	245	0	158	87	1.82
SCAF_726	11911	624	52.39	312	0	208	104	2.00
SCAF_727	11900	416	34.96	208	0	126	82	1.54
SCAF_728	11869	348	29.32	174	0	111	63	1.76
SCAF_729	11788	398	33.76	199	0	138	61	2.26
SCAF_73	52157	2734	52.42	1367	0	567	800	0.71
SCAF_730	11785	362	30.72	181	0	134	47	2.85
SCAF_731	11750	572	48.68	286	0	93	193	0.48
SCAF_732	11699	566	48.38	283	0	214	69	3.10
SCAF_733	11674	528	45.23	264	0	143	121	1.18
SCAF_734	11658	502	43.06	251	0	133	118	1.13
SCAF_735	11648	336	28.85	168	0	126	42	3.00
SCAF_736	11642	460	39.51	230	0	106	124	0.85
SCAF_737	11612	404	34.79	202	0	119	83	1.43
SCAF_738	11595	492	42.43	246	0	154	92	1.67
SCAF_739	11525	526	45.64	263	0	156	107	1.46
SCAF_74	52077	1694	32.53	847	0	579	268	2.16
SCAF_740	11505	410	35.64	205	0	83	122	0.68
SCAF_741	11492	452	39.33	226	0	123	103	1.19
SCAF_742	11467	10	0.87	5	0	4	1	4.00
SCAF_743	11404	368	32.27	184	0	120	64	1.88
SCAF_744	11377	514	45.18	257	0	177	80	2.21
SCAF_745	11364	476	41.89	238	0	123	115	1.07
SCAF_746	11318	408	36.05	204	0	140	64	2.19
SCAF_747	11311	618	54.64	309	0	210	99	2.12
SCAF_748	11306	320	28.30	160	0	126	34	3.71
SCAF_749	11299	462	40.89	231	0	169	62	2.73
SCAF_75	51185	1446	28.25	723	0	511	212	2.41
SCAF_750	11284	584	51.75	292	0	199	93	2.14
SCAF_751	11276	598	53.03	299	0	191	108	1.77
SCAF_752	11267	548	48.64	274	0	181	93	1.95
SCAF_753	11254	492	43.72	246	0	152	94	1.62
SCAF_754	11236	418	37.20	209	0	110	99	1.11
SCAF_755	11231	468	41.67	234	0	100	134	0.75
SCAF_756	11200	306	27.32	153	0	115	38	3.03
SCAF_757	11195	598	53.42	299	0	155	144	1.08
SCAF_758	11126	520	46.74	260	0	173	87	1.99
SCAF_759	11118	380	34.18	190	0	82	108	0.76
SCAF_76	50428	56	1.11	28	0	22	6	3.67
SCAF_760	11100	562	50.63	281	0	210	71	2.96
SCAF_761	11097	412	37.13	206	0	126	80	1.57
SCAF_762	11029	346	31.37	173	0	107	66	1.62
SCAF_763	11019	78	7.08	39	0	28	11	2.55
SCAF_764	10979	176	16.03	88	0	68	20	3.40
SCAF_765	10957	556	50.74	278	0	182	96	1.90
SCAF_766	10940	498	45.52	249	0	130	119	1.09
SCAF_767	10913	394	36.10	197	0	162	35	4.63
SCAF_768	10886	184	16.90	92	0	73	19	3.84
SCAF_769	10867	392	36.07	196	0	99	97	1.02
SCAF_77	50384	386	7.66	193	0	133	60	2.22
SCAF_770	10816	518	47.89	259	0	192	67	2.87
SCAF_771	10810	456	42.18	228	0	127	101	1.26
SCAF_772	10709	468	43.70	234	0	121	113	1.07
SCAF_773	10688	368	34.43	184	0	126	58	2.17
SCAF_774	10648	326	30.62	163	0	126	37	3.41
SCAF_775	10642	376	35.33	188	0	102	86	1.19
SCAF_776	10612	374	35.24	187	0	107	80	1.34
SCAF_777	10608	154	14.52	77	0	45	32	1.41
SCAF_778	10604	448	42.25	224	0	123	101	1.22
SCAF_779	10578	508	48.02	254	0	142	112	1.27
SCAF_78	49366	1782	36.10	891	0	593	298	1.99
SCAF_780	10571	354	33.49	177	0	101	76	1.33
SCAF_781	10511	554	52.71	277	0	218	59	3.69
SCAF_782	10492	456	43.46	228	0	116	112	1.04
SCAF_783	10421	388	37.23	194	0	76	118	0.64
SCAF_784	10379	180	17.34	90	0	68	22	3.09
SCAF_785	10337	418	40.44	209	0	130	79	1.65
SCAF_786	10326	424	41.06	212	0	124	88	1.41
SCAF_787	10326	518	50.16	259	0	172	87	1.98
SCAF_788	10316	380	36.84	190	0	113	77	1.47
SCAF_789	10256	162	15.80	81	0	40	41	0.98
SCAF_79	49160	1500	30.51	750	0	538	212	2.54
SCAF_790	10228	364	35.59	182	0	133	49	2.71
SCAF_791	10185	362	35.54	181	0	72	109	0.66
SCAF_792	10184	392	38.49	196	0	116	80	1.45
SCAF_793	10160	154	15.16	77	0	49	28	1.75
SCAF_794	10147	354	34.89	177	0	106	71	1.49
SCAF_795	10110	240	23.74	120	0	97	23	4.22
SCAF_796	10045	462	45.99	231	0	161	70	2.30
SCAF_797	10015	390	38.94	195	0	133	62	2.15
SCAF_798	10012	476	47.54	238	0	111	127	0.87
SCAF_799	9978	130	13.03	65	0	43	22	1.95
SCAF_8	1669080	0	0.00	0	0	0	0	0
SCAF_80	48966	1786	36.47	893	0	640	253	2.53
SCAF_800	9947	288	28.95	144	0	113	31	3.65
SCAF_801	9941	386	38.83	193	0	104	89	1.17
SCAF_802	9910	374	37.74	187	0	123	64	1.92
SCAF_803	9879	408	41.30	204	0	123	81	1.52
SCAF_804	9861	262	26.57	131	0	102	29	3.52
SCAF_805	9859	406	41.18	203	0	116	87	1.33
SCAF_806	9855	460	46.68	230	0	113	117	0.97
SCAF_807	9792	524	53.51	262	0	120	142	0.85
SCAF_808	9784	406	41.50	203	0	81	122	0.66
SCAF_809	9773	282	28.86	141	0	108	33	3.27
SCAF_81	48848	1878	38.45	939	0	564	375	1.50
SCAF_810	9756	418	42.85	209	0	131	78	1.68
SCAF_811	9753	424	43.47	212	0	138	74	1.86
SCAF_812	9719	350	36.01	175	0	122	53	2.30
SCAF_813	9715	346	35.62	173	0	124	49	2.53
SCAF_814	9708	460	47.38	230	0	155	75	2.07
SCAF_815	9700	392	40.41	196	0	120	76	1.58
SCAF_816	9673	372	38.46	186	0	114	72	1.58
SCAF_817	9638	282	29.26	141	0	54	87	0.62
SCAF_818	9601	434	45.20	217	0	128	89	1.44
SCAF_819	9601	362	37.70	181	0	92	89	1.03
SCAF_82	48542	1080	22.25	540	0	437	103	4.24
SCAF_820	9550	60	6.28	30	0	21	9	2.33
SCAF_821	9533	398	41.75	199	0	110	89	1.24
SCAF_822	9498	372	39.17	186	0	109	77	1.42
SCAF_823	9466	0	0.00	0	0	0	0	0
SCAF_824	9457	242	25.59	121	0	64	57	1.12
SCAF_825	9446	250	26.47	125	0	94	31	3.03
SCAF_826	9385	278	29.62	139	0	94	45	2.09
SCAF_827	9376	194	20.69	97	0	65	32	2.03
SCAF_828	9365	416	44.42	208	0	141	67	2.10
SCAF_829	9320	184	19.74	92	0	67	25	2.68
SCAF_83	48542	2288	47.13	1144	0	388	756	0.51
SCAF_830	9303	380	40.85	190	0	108	82	1.32
SCAF_831	9295	152	16.35	76	0	44	32	1.38
SCAF_832	9282	410	44.17	205	0	119	86	1.38
SCAF_833	9263	252	27.21	126	0	79	47	1.68
SCAF_834	9159	148	16.16	74	0	44	30	1.47
SCAF_835	9159	368	40.18	184	0	84	100	0.84
SCAF_836	9157	390	42.59	195	0	139	56	2.48
SCAF_837	9095	426	46.84	213	0	148	65	2.28
SCAF_838	9078	310	34.15	155	0	111	44	2.52
SCAF_839	9057	86	9.50	43	0	26	17	1.53
SCAF_84	47775	1928	40.36	964	0	586	378	1.55
SCAF_840	9014	418	46.37	209	0	134	75	1.79
SCAF_841	8986	230	25.60	115	0	89	26	3.42
SCAF_842	8986	240	26.71	120	0	76	44	1.73
SCAF_843	8952	124	13.85	62	0	31	31	1.00
SCAF_844	8935	220	24.62	110	0	82	28	2.93
SCAF_845	8927	230	25.76	115	0	81	34	2.38
SCAF_846	8908	164	18.41	82	0	49	33	1.48
SCAF_847	8868	388	43.75	194	0	132	62	2.13
SCAF_848	8867	308	34.74	154	0	77	77	1.00
SCAF_849	8825	248	28.10	124	0	84	40	2.10
SCAF_85	47318	1690	35.72	845	0	569	276	2.06
SCAF_850	8771	398	45.38	199	0	114	85	1.34
SCAF_851	8703	346	39.76	173	0	78	95	0.82
SCAF_852	8695	444	51.06	222	0	164	58	2.83
SCAF_853	8662	20	2.31	10	0	7	3	2.33
SCAF_854	8634	362	41.93	181	0	104	77	1.35
SCAF_855	8630	388	44.96	194	0	126	68	1.85
SCAF_856	8617	0	0.00	0	0	0	0	0
SCAF_857	8469	368	43.45	184	0	98	86	1.14
SCAF_858	8431	316	37.48	158	0	117	41	2.85
SCAF_859	8397	270	32.15	135	0	77	58	1.33
SCAF_86	46994	1220	25.96	610	0	424	186	2.28
SCAF_860	8390	282	33.61	141	0	113	28	4.04
SCAF_861	8357	468	56.00	234	0	159	75	2.12
SCAF_862	8342	202	24.21	101	0	69	32	2.16
SCAF_863	8337	332	39.82	166	0	100	66	1.52
SCAF_864	8258	230	27.85	115	0	82	33	2.48
SCAF_865	8103	356	43.93	178	0	129	49	2.63
SCAF_866	8034	154	19.17	77	0	52	25	2.08
SCAF_867	8027	256	31.89	128	0	94	34	2.76
SCAF_868	8017	300	37.42	150	0	91	59	1.54
SCAF_869	8015	150	18.71	75	0	57	18	3.17
SCAF_87	46805	1452	31.02	726	0	548	178	3.08
SCAF_870	8015	254	31.69	127	0	49	78	0.63
SCAF_871	8000	328	41.00	164	0	106	58	1.83
SCAF_872	7790	312	40.05	156	0	103	53	1.94
SCAF_873	7773	292	37.57	146	0	89	57	1.56
SCAF_874	7763	188	24.22	94	0	73	21	3.48
SCAF_875	7721	270	34.97	135	0	95	40	2.38
SCAF_876	7701	38	4.93	19	0	16	3	5.33
SCAF_877	7680	314	40.89	157	0	107	50	2.14
SCAF_878	7622	384	50.38	192	0	114	78	1.46
SCAF_879	7582	322	42.47	161	0	125	36	3.47
SCAF_88	46738	1950	41.72	975	0	473	502	0.94
SCAF_880	7559	184	24.34	92	0	67	25	2.68
SCAF_881	7416	232	31.28	116	0	93	23	4.04
SCAF_882	7394	230	31.11	115	0	75	40	1.88
SCAF_883	7363	284	38.57	142	0	99	43	2.30
SCAF_884	7338	332	45.24	166	0	77	89	0.87
SCAF_885	7324	312	42.60	156	0	93	63	1.48
SCAF_886	7276	90	12.37	45	0	27	18	1.50
SCAF_887	7242	206	28.45	103	0	59	44	1.34
SCAF_888	7231	376	52.00	188	0	139	49	2.84
SCAF_889	7198	232	32.23	116	0	63	53	1.19
SCAF_89	46547	1336	28.70	668	0	455	213	2.14
SCAF_890	7142	380	53.21	190	0	127	63	2.02
SCAF_891	7028	312	44.39	156	0	103	53	1.94
SCAF_892	7025	292	41.57	146	0	103	43	2.40
SCAF_893	7015	274	39.06	137	0	76	61	1.25
SCAF_894	6958	308	44.27	154	0	58	96	0.60
SCAF_895	6948	360	51.81	180	0	121	59	2.05
SCAF_896	6829	2	0.29	1	0	1	0	0
SCAF_897	6804	308	45.27	154	0	99	55	1.80
SCAF_898	6754	148	21.91	74	0	53	21	2.52
SCAF_899	6732	268	39.81	134	0	63	71	0.89
SCAF_9	1646134	0	0.00	0	0	0	0	0
SCAF_90	46221	1926	41.67	963	0	576	387	1.49
SCAF_900	6698	48	7.17	24	0	20	4	5.00
SCAF_901	6642	216	32.52	108	0	49	59	0.83
SCAF_902	6588	110	16.70	55	0	31	24	1.29
SCAF_903	6549	200	30.54	100	0	69	31	2.23
SCAF_904	6496	234	36.02	117	0	61	56	1.09
SCAF_905	6483	274	42.26	137	0	87	50	1.74
SCAF_906	6367	278	43.66	139	0	78	61	1.28
SCAF_907	6367	170	26.70	85	0	65	20	3.25
SCAF_908	6228	0	0.00	0	0	0	0	0
SCAF_909	6173	134	21.71	67	0	50	17	2.94
SCAF_91	44916	1418	31.57	709	0	503	206	2.44
SCAF_910	6170	142	23.01	71	0	36	35	1.03
SCAF_911	6077	0	0.00	0	0	0	0	0
SCAF_912	6073	0	0.00	0	0	0	0	0
SCAF_913	6059	0	0.00	0	0	0	0	0
SCAF_914	6001	0	0.00	0	0	0	0	0
SCAF_915	5869	0	0.00	0	0	0	0	0
SCAF_916	5803	0	0.00	0	0	0	0	0
SCAF_917	5661	0	0.00	0	0	0	0	0
SCAF_918	5277	0	0.00	0	0	0	0	0
SCAF_92	44616	32	0.72	16	0	5	11	0.45
SCAF_93	44136	1614	36.57	807	0	554	253	2.19
SCAF_94	43913	1496	34.07	748	0	471	277	1.70
SCAF_95	43808	1822	41.59	911	0	504	407	1.24
SCAF_96	43342	1342	30.96	671	0	476	195	2.44
SCAF_97	43038	70	1.63	35	0	17	18	0.94
SCAF_98	42896	1766	41.17	883	0	615	268	2.29
SCAF_99	42178	1158	27.46	579	0	419	160	2.62
Totals	51514314	812308	15.77	406154	0	258312	147842	1.75
